000001,平安银行,9.38,0.10,1.08
000002,万科A,23.82,0.38,1.62
000004,国农科技,16.03,0.00,0.00
000005,世纪星源,2.68,0.02,0.75
000006,深振业A,5.18,0.02,0.39
000007,全新好,8.06,-0.11,-1.35
000008,神州高铁,3.89,0.00,0.00
000009,中国宝安,4.31,0.01,0.23
000010,美丽生态,3.26,-0.02,-0.61
000011,深物业A,9.18,0.03,0.33
000012,南玻A,3.99,0.01,0.25
000014,沙河股份,9.29,0.14,1.53
000016,深康佳A,3.24,0.03,0.93
000017,深中华A,4.36,0.01,0.23
000018,神州长城,2.12,-0.01,-0.47
000019,深深宝A,7.14,0.04,0.56
000020,深华发A,10.46,-0.11,-1.04
000021,深科技,5.75,-0.12,-2.04
000023,深天地A,12.71,-0.14,-1.09
000025,特力A,26.52,-0.37,-1.38
000026,飞亚达A,7.29,0.07,0.97
000027,深圳能源,5.25,-0.08,-1.50
000028,国药一致,41.44,0.48,1.17
000030,富奥股份,3.71,-0.04,-1.07
000031,中粮地产,4.88,0.01,0.21
000032,深桑达A,7.02,0.03,0.43
000034,神州数码,13.45,0.04,0.30
000035,中国天楹,5.20,-0.04,-0.76
000036,华联控股,5.51,-0.02,-0.36
000037,深南电A,4.76,0.02,0.42
000038,深大通,12.76,-0.32,-2.45
000039,中集集团,10.58,0.14,1.34
000040,东旭蓝天,7.23,-0.12,-1.63
000042,中洲控股,11.22,0.07,0.63
000043,中航善达,7.48,0.02,0.27
000045,深纺织A,5.79,0.02,0.35
000046,泛海控股,4.67,0.06,1.30
000048,*ST康达,18.20,0.20,1.11
000049,德赛电池,28.68,-1.01,-3.40
000050,深天马A,9.81,-0.03,-0.30
000055,方大集团,4.00,0.05,1.27
000056,皇庭国际,4.73,0.06,1.28
000058,深赛格,5.95,0.54,9.98
000059,华锦股份,5.94,0.00,0.00
000060,中金岭南,3.96,0.02,0.51
000061,农产品,4.85,0.04,0.83
000062,深圳华强,16.66,-0.71,-4.09
000063,中兴通讯,19.59,-0.31,-1.56
000065,北方国际,7.68,-0.22,-2.78
000066,中国长城,4.74,-0.03,-0.63
000068,华控赛格,4.25,0.07,1.67
000069,华侨城A,6.35,0.19,3.08
000070,特发信息,7.10,-0.12,-1.66
000078,海王生物,2.98,0.02,0.68
000088,盐田港,5.00,0.02,0.40
000089,深圳机场,7.79,0.05,0.65
000090,天健集团,4.60,-0.03,-0.65
000096,广聚能源,9.25,-0.16,-1.70
000099,中信海直,5.64,-0.04,-0.70
000100,TCL集团,2.45,0.03,1.24
000150,宜华健康,14.73,0.17,1.17
000151,中成股份,10.24,-0.15,-1.44
000153,丰原药业,5.15,-0.03,-0.58
000155,川能动力,3.60,0.19,5.57
000156,华数传媒,7.93,-0.12,-1.49
000157,中联重科,3.56,-0.02,-0.56
000158,常山北明,5.22,0.11,2.15
000159,国际实业,4.22,0.00,0.00
000166,申万宏源,4.07,0.08,2.01
000301,东方盛虹,5.46,0.00,0.00
000333,美的集团,36.86,0.06,0.16
000338,潍柴动力,7.70,0.07,0.92
000400,许继电气,8.89,-0.19,-2.09
000401,冀东水泥,12.38,0.07,0.57
000402,金融街,6.44,0.00,0.00
000403,振兴生化,25.18,0.00,0.00
000404,长虹华意,3.86,0.02,0.52
000407,胜利股份,3.73,0.00,0.00
000408,藏格控股,11.22,0.37,3.41
000409,*ST地矿,5.66,0.07,1.25
000410,沈阳机床,6.31,-0.01,-0.16
000411,英特集团,12.64,-0.21,-1.63
000413,东旭光电,4.50,-0.04,-0.88
000415,渤海租赁,3.60,-0.02,-0.55
000416,民生控股,4.09,0.02,0.49
000417,合肥百货,4.33,0.01,0.23
000418,小天鹅A,43.25,0.53,1.24
000419,通程控股,4.08,0.02,0.49
000420,吉林化纤,1.90,0.03,1.60
000421,南京公用,4.46,0.00,0.00
000422,*ST宜化,2.89,0.07,2.48
000423,东阿阿胶,39.55,-0.29,-0.73
000425,徐工机械,3.23,0.02,0.62
000426,兴业矿业,4.98,0.27,5.73
000428,华天酒店,2.48,0.02,0.81
000429,粤高速A,8.39,0.09,1.08
000430,张家界,4.84,-0.03,-0.62
000488,晨鸣纸业,5.61,0.01,0.18
000498,山东路桥,5.06,0.05,1.00
000501,鄂武商A,9.48,0.12,1.28
000502,绿景控股,7.60,0.09,1.20
000503,国新健康,15.88,0.14,0.89
000504,南华生物,12.47,0.02,0.16
000505,京粮控股,5.52,0.14,2.60
000506,中润资源,2.69,0.04,1.51
000507,珠海港,6.60,-0.04,-0.60
000509,华塑控股,2.70,0.03,1.12
000510,金路集团,3.93,0.03,0.77
000513,丽珠集团,25.15,-0.18,-0.71
000514,渝开发,3.65,-0.01,-0.27
000516,国际医学,4.95,0.00,0.00
000517,荣安地产,2.31,0.04,1.76
000518,四环生物,3.46,0.02,0.58
000519,中兵红箭,6.29,0.12,1.94
000520,长航凤凰,2.88,0.04,1.41
000521,长虹美菱,2.96,0.00,0.00
000523,广州浪奇,3.95,0.00,0.00
000524,岭南控股,6.90,-0.03,-0.43
000525,红太阳,14.03,0.16,1.15
000526,紫光学大,18.24,0.08,0.44
000528,柳工,6.07,-0.05,-0.82
000529,广弘控股,4.48,0.05,1.13
000530,大冷股份,3.31,-0.06,-1.78
000531,穗恒运A,5.06,-0.14,-2.69
000532,华金资本,9.87,-0.28,-2.76
000533,万家乐,2.53,-0.05,-1.94
000534,万泽股份,10.44,-0.16,-1.51
000536,华映科技,1.87,0.00,0.00
000537,广宇发展,7.49,-0.01,-0.13
000538,云南白药,73.96,-1.23,-1.64
000539,粤电力A,4.63,0.16,3.58
000541,佛山照明,5.18,0.02,0.39
000543,皖能电力,4.79,0.06,1.27
000544,中原环保,5.07,0.02,0.40
000545,金浦钛业,3.13,0.02,0.64
000546,金圆股份,8.66,-0.07,-0.80
000547,航天发展,7.56,-0.03,-0.40
000548,湖南投资,4.38,-0.04,-0.90
000550,江铃汽车,12.76,-0.24,-1.85
000551,创元科技,5.81,-0.03,-0.51
000552,靖远煤电,2.56,-0.01,-0.39
000553,沙隆达A,9.13,0.00,0.00
000554,泰山石油,5.12,-0.13,-2.48
000555,神州信息,9.34,-0.03,-0.32
000557,西部创业,3.43,0.00,0.00
000558,莱茵体育,2.90,0.03,1.05
000559,万向钱潮,5.12,-0.01,-0.19
000560,我爱我家,4.67,0.12,2.64
000561,烽火电子,5.61,0.01,0.18
000563,陕国投A,2.68,0.01,0.37
000564,供销大集,2.53,0.01,0.40
000565,渝三峡A,4.26,-0.09,-2.07
000566,海南海药,5.12,0.09,1.79
000567,海德股份,11.12,0.08,0.72
000568,泸州老窖,40.66,0.56,1.40
000570,苏常柴A,3.74,0.04,1.08
000571,新大洲A,3.43,0.04,1.18
000572,海马汽车,2.13,0.03,1.43
000573,粤宏远A,3.05,0.02,0.66
000576,广东甘化,6.00,0.03,0.50
000581,威孚高科,17.66,0.17,0.97
000582,北部湾港,7.04,-0.02,-0.28
000584,哈工智能,6.28,-0.06,-0.95
000585,*ST东电,2.04,0.05,2.51
000586,汇源通信,11.57,0.42,3.77
000587,金洲慈航,2.35,0.02,0.86
000589,黔轮胎A,3.35,0.00,0.00
000590,启迪古汉,7.60,0.14,1.88
000591,太阳能,2.96,0.03,1.02
000592,平潭发展,2.67,0.00,0.00
000593,大通燃气,6.45,-0.11,-1.68
000595,宝塔实业,2.54,0.08,3.25
000596,古井贡酒,53.96,0.39,0.73
000597,东北制药,10.16,0.09,0.89
000598,兴蓉环境,4.03,0.01,0.25
000599,青岛双星,3.70,-0.05,-1.33
000600,建投能源,5.02,0.01,0.20
000601,韶能股份,3.72,0.02,0.54
000603,盛达矿业,10.00,0.10,1.01
000605,渤海股份,9.49,0.09,0.96
000606,顺利办,5.95,-0.09,-1.49
000607,华媒控股,4.05,-0.05,-1.22
000608,阳光股份,4.90,0.03,0.62
000609,中迪投资,5.25,0.03,0.57
000610,西安旅游,7.49,-0.01,-0.13
000611,天首发展,5.55,-0.05,-0.89
000612,焦作万方,3.96,-0.04,-1.00
000613,大东海A,7.47,0.22,3.03
000615,京汉股份,5.31,0.01,0.19
000616,海航投资,2.41,0.06,2.55
000617,中油资本,10.75,0.65,6.44
000619,海螺型材,5.19,0.04,0.78
000620,新华联,3.91,0.03,0.77
000622,恒立实业,7.51,-0.61,-7.51
000623,吉林敖东,14.43,0.02,0.14
000625,长安汽车,6.59,0.11,1.70
000626,远大控股,6.44,0.05,0.78
000627,天茂集团,5.61,0.00,0.00
000628,高新发展,9.87,0.03,0.30
000629,攀钢钒钛,3.00,0.00,0.00
000630,铜陵有色,1.97,0.00,0.00
000631,顺发恒业,2.97,0.04,1.37
000632,三木集团,3.86,0.14,3.76
000633,合金投资,4.59,0.42,10.07
000635,英力特,8.50,0.04,0.47
000636,风华高科,10.74,-0.24,-2.19
000637,茂化实华,3.75,0.01,0.27
000638,万方发展,5.55,-0.13,-2.29
000639,西王食品,6.41,-0.02,-0.31
000650,仁和药业,5.48,-0.30,-5.19
000651,格力电器,35.69,0.01,0.03
000652,泰达股份,3.01,0.03,1.01
000655,*ST金岭,3.37,0.09,2.74
000656,金科股份,6.19,0.02,0.32
000657,中钨高新,5.32,0.05,0.95
000659,珠海中富,4.10,-0.04,-0.97
000661,长春高新,175.00,-0.88,-0.50
000662,天夏智慧,6.18,0.56,9.96
000663,永安林业,5.96,0.01,0.17
000665,湖北广电,7.16,-0.04,-0.56
000666,经纬纺机,10.78,0.62,6.10
000667,美好置业,2.50,0.01,0.40
000668,荣丰控股,9.90,-0.24,-2.37
000669,金鸿控股,5.85,-0.16,-2.66
000670,盈方微,3.18,0.01,0.32
000671,阳光城,5.19,0.02,0.39
000672,上峰水泥,8.44,0.03,0.36
000673,当代东方,4.69,0.01,0.21
000676,智度股份,9.49,0.12,1.28
000677,恒天海龙,2.60,0.04,1.56
000678,襄阳轴承,5.00,0.01,0.20
000679,大连友谊,3.85,-0.03,-0.77
000680,山推股份,3.27,0.04,1.24
000681,视觉中国,23.32,0.12,0.52
000682,东方电子,3.31,-0.03,-0.90
000683,远兴能源,2.37,0.00,0.00
000685,中山公用,7.00,0.06,0.86
000686,东北证券,6.26,0.10,1.62
000687,华讯方舟,7.10,-0.22,-3.01
000688,国城矿业,11.54,0.03,0.26
000690,宝新能源,6.73,0.03,0.45
000691,亚太实业,4.58,0.05,1.10
000692,惠天热电,2.56,-0.03,-1.16
000695,滨海能源,9.00,0.24,2.74
000697,炼石航空,12.39,-0.13,-1.04
000698,沈阳化工,3.64,0.02,0.55
000700,模塑科技,2.95,0.02,0.68
000701,厦门信达,6.06,0.04,0.66
000702,正虹科技,5.56,0.39,7.54
000703,恒逸石化,11.52,0.00,0.00
000705,浙江震元,6.06,-0.01,-0.16
000707,*ST双环,2.89,0.09,3.21
000709,河钢股份,2.84,0.01,0.35
000710,贝瑞基因,31.90,0.13,0.41
000711,京蓝科技,6.23,0.15,2.47
000712,锦龙股份,9.08,0.16,1.79
000713,丰乐种业,4.58,-0.03,-0.65
000715,中兴商业,5.81,0.08,1.40
000716,黑芝麻,2.79,-0.01,-0.36
000717,韶钢松山,4.55,-0.02,-0.44
000718,苏宁环球,3.18,0.02,0.63
000719,中原传媒,7.87,0.21,2.74
000720,*ST新能,3.47,0.09,2.66
000721,西安饮食,3.97,0.00,0.00
000722,湖南发展,6.03,0.17,2.90
000723,美锦能源,3.21,0.09,2.88
000725,京东方A,2.63,0.00,0.00
000726,鲁泰A,9.71,-0.01,-0.10
000727,华东科技,1.47,-0.01,-0.68
000728,国元证券,6.98,0.18,2.65
000729,燕京啤酒,5.64,-0.01,-0.18
000731,四川美丰,5.02,0.02,0.40
000732,泰禾集团,14.02,-0.01,-0.07
000733,振华科技,10.94,-0.07,-0.64
000735,罗牛山,9.66,0.67,7.45
000736,中交地产,7.43,0.12,1.64
000737,*ST南风,2.83,0.05,1.80
000738,航发控制,12.06,0.06,0.50
000739,普洛药业,7.44,0.07,0.95
000750,国海证券,4.36,0.32,7.92
000751,锌业股份,2.85,0.01,0.35
000752,西藏发展,7.05,0.01,0.14
000753,漳州发展,2.94,0.00,0.00
000755,山西路桥,3.98,-0.01,-0.25
000756,新华制药,5.55,-0.02,-0.36
000757,浩物股份,5.26,0.11,2.14
000758,中色股份,3.65,0.02,0.55
000759,中百集团,5.28,0.02,0.38
000760,斯太尔,3.29,-0.01,-0.30
000761,本钢板材,3.36,-0.03,-0.88
000762,西藏矿业,6.74,0.03,0.45
000766,通化金马,6.86,0.13,1.93
000767,漳泽电力,2.47,0.01,0.41
000768,中航飞机,13.24,0.06,0.46
000776,广发证券,12.68,0.27,2.18
000777,中核科技,10.03,0.04,0.40
000778,新兴铸管,4.31,0.04,0.94
000779,三毛派神,8.67,0.00,0.00
000780,平庄能源,3.00,-0.01,-0.33
000782,美达股份,4.27,0.04,0.95
000783,长江证券,5.15,0.14,2.79
000785,武汉中商,6.53,0.13,2.03
000786,北新建材,13.76,-0.26,-1.85
000788,北大医药,5.22,0.01,0.19
000789,万年青,10.89,-0.01,-0.09
000790,泰合健康,4.06,0.03,0.74
000791,甘肃电投,5.06,0.04,0.80
000792,盐湖股份,6.98,-0.25,-3.46
000793,华闻传媒,2.97,0.03,1.02
000795,英洛华,3.57,0.02,0.56
000796,凯撒旅游,6.64,-0.02,-0.30
000797,中国武夷,4.55,0.04,0.89
000798,中水渔业,5.20,0.05,0.97
000799,酒鬼酒,15.98,-0.10,-0.62
000800,一汽轿车,6.62,0.11,1.69
000801,四川九洲,4.33,-0.04,-0.92
000802,北京文化,11.07,-0.14,-1.25
000803,金宇车城,12.21,-0.18,-1.45
000806,银河生物,3.88,-0.11,-2.76
000807,云铝股份,3.88,0.00,0.00
000809,铁岭新城,2.35,0.02,0.86
000810,创维数字,5.56,0.06,1.09
000811,冰轮环境,5.17,-0.05,-0.96
000812,陕西金叶,3.46,0.10,2.98
000813,德展健康,9.18,-0.01,-0.11
000815,美利云,6.75,-0.08,-1.17
000816,*ST慧业,1.53,0.07,4.79
000818,航锦科技,9.23,0.08,0.87
000819,岳阳兴长,8.83,-0.01,-0.11
000820,神雾节能,5.59,-0.06,-1.06
000821,京山轻机,7.66,0.03,0.39
000822,山东海化,4.85,0.00,0.00
000823,超声电子,7.80,-0.10,-1.27
000825,太钢不锈,4.14,-0.01,-0.24
000826,启迪桑德,10.39,0.19,1.86
000828,东莞控股,7.47,0.12,1.63
000829,天音控股,5.61,0.23,4.28
000830,鲁西化工,9.80,-0.22,-2.20
000831,五矿稀土,8.37,0.05,0.60
000833,粤桂股份,4.56,-0.01,-0.22
000835,长城动漫,4.16,-0.20,-4.59
000836,富通鑫茂,3.89,-0.06,-1.52
000837,秦川机床,3.93,-0.03,-0.76
000838,财信发展,2.93,0.01,0.34
000839,中信国安,3.37,-0.05,-1.46
000848,承德露露,8.04,0.15,1.90
000850,华茂股份,3.20,0.03,0.95
000851,高鸿股份,4.76,-0.23,-4.61
000852,石化机械,7.16,-0.28,-3.76
000856,冀东装备,14.40,0.25,1.77
000858,五粮液,50.88,0.73,1.46
000859,国风塑业,2.84,0.02,0.71
000860,顺鑫农业,31.89,0.21,0.66
000861,海印股份,2.51,0.07,2.87
000862,银星能源,2.96,0.01,0.34
000863,三湘印象,3.91,-0.02,-0.51
000868,安凯客车,3.70,0.09,2.49
000869,张裕A,26.00,-0.01,-0.04
000875,吉电股份,2.45,0.03,1.24
000876,新希望,7.28,0.09,1.25
000877,天山股份,7.11,0.06,0.85
000878,云南铜业,7.93,0.02,0.25
000880,潍柴重机,7.20,0.04,0.56
000881,中广核技,6.72,0.05,0.75
000882,华联股份,2.23,0.02,0.90
000883,湖北能源,3.67,0.05,1.38
000885,城发环境,7.17,0.01,0.14
000886,海南高速,3.75,0.08,2.18
000887,中鼎股份,10.12,-0.07,-0.69
000888,峨眉山A,5.66,-0.04,-0.70
000889,中嘉博创,10.20,0.30,3.03
000890,法尔胜,4.40,0.11,2.56
000892,欢瑞世纪,4.76,-0.07,-1.45
000893,*ST东凌,4.31,0.06,1.41
000895,双汇发展,23.59,-0.30,-1.26
000897,津滨发展,2.33,0.03,1.30
000898,鞍钢股份,5.13,0.08,1.58
000899,赣能股份,4.38,0.05,1.15
000900,现代投资,3.89,-0.01,-0.26
000901,航天科技,8.84,0.01,0.11
000902,新洋丰,8.96,0.28,3.23
000903,云内动力,2.40,0.01,0.42
000905,厦门港务,6.06,0.14,2.36
000906,浙商中拓,4.89,0.03,0.62
000908,景峰医药,4.44,0.08,1.83
000909,数源科技,6.62,0.05,0.76
000910,大亚圣象,10.31,0.01,0.10
000911,南宁糖业,5.47,-0.13,-2.32
000912,*ST天化,4.74,-0.25,-5.01
000913,钱江摩托,9.16,0.10,1.10
000915,山大华特,14.80,-0.14,-0.94
000917,电广传媒,6.92,-0.03,-0.43
000918,嘉凯城,7.62,0.12,1.60
000919,金陵药业,6.27,0.04,0.64
000920,南方汇通,5.18,0.01,0.19
000921,海信家电,7.07,0.16,2.32
000922,佳电股份,6.71,0.01,0.15
000923,河北宣工,13.60,0.42,3.19
000925,众合科技,5.85,0.01,0.17
000926,福星股份,6.12,0.02,0.33
000927,一汽夏利,3.15,0.04,1.29
000928,中钢国际,4.35,0.12,2.84
000929,兰州黄河,6.21,-0.06,-0.96
000930,中粮生化,7.42,-0.23,-3.01
000931,中关村,6.92,0.04,0.58
000932,华菱钢铁,6.06,-0.05,-0.82
000933,神火股份,3.90,0.02,0.52
000935,四川双马,15.04,0.10,0.67
000936,华西股份,6.12,0.13,2.17
000937,冀中能源,3.77,-0.01,-0.26
000938,紫光股份,31.26,-0.03,-0.10
000939,*ST凯迪,1.21,0.06,5.22
000948,南天信息,9.54,0.34,3.70
000949,新乡化纤,2.68,0.08,3.08
000950,重药控股,5.02,0.02,0.40
000951,中国重汽,11.14,-0.13,-1.15
000952,广济药业,9.94,0.03,0.30
000953,ST河化,3.89,0.04,1.04
000955,欣龙控股,4.05,0.06,1.50
000957,中通客车,4.45,0.01,0.23
000958,东方能源,3.22,0.00,0.00
000959,首钢股份,3.73,-0.03,-0.80
000960,锡业股份,9.54,-0.07,-0.73
000961,中南建设,5.61,-0.09,-1.58
000962,东方钽业,6.13,0.10,1.66
000963,华东医药,26.46,-0.12,-0.45
000965,天保基建,3.85,-0.04,-1.03
000966,长源电力,3.51,0.00,0.00
000967,盈峰环境,5.65,0.00,0.00
000968,蓝焰控股,10.65,0.11,1.04
000969,安泰科技,4.55,0.03,0.66
000970,中科三环,7.33,-0.15,-2.01
000971,高升控股,3.32,-0.30,-8.29
000972,ST中基,2.78,0.02,0.72
000973,佛塑科技,3.21,-0.04,-1.23
000975,银泰资源,10.19,0.26,2.62
000976,华铁股份,4.58,0.13,2.92
000977,浪潮信息,15.92,-1.13,-6.63
000978,桂林旅游,5.23,0.04,0.77
000980,众泰汽车,4.33,0.00,0.00
000981,银亿股份,3.12,-0.10,-3.11
000982,*ST中绒,1.27,0.06,4.96
000983,西山煤电,5.49,0.02,0.37
000985,大庆华科,12.40,-0.07,-0.56
000988,华工科技,11.94,-0.37,-3.01
000989,九芝堂,9.81,0.23,2.40
000990,诚志股份,12.01,-0.12,-0.99
000993,闽东电力,4.57,0.00,0.00
000995,*ST皇台,5.24,-0.28,-5.07
000996,中国中期,8.36,0.12,1.46
000997,新大陆,14.64,-0.19,-1.28
000998,隆平高科,14.80,-0.09,-0.60
000999,华润三九,24.86,0.28,1.14
001696,宗申动力,4.36,0.02,0.46
001872,招商港口,15.02,-0.87,-5.48
001896,豫能控股,3.05,0.01,0.33
001965,招商公路,8.03,-0.06,-0.74
001979,招商蛇口,17.35,0.40,2.36
002001,新和成,15.01,0.21,1.42
002002,鸿达兴业,2.88,0.00,0.00
002003,伟星股份,7.02,-0.06,-0.85
002004,华邦健康,4.61,-0.09,-1.91
002005,德豪润达,2.17,0.01,0.46
002006,精功科技,5.54,0.16,2.97
002007,华兰生物,32.80,0.00,0.00
002008,大族激光,30.36,0.34,1.13
002009,天奇股份,7.56,-0.17,-2.20
002010,传化智联,6.50,0.19,3.01
002011,盾安环境,4.23,0.01,0.24
002012,凯恩股份,3.92,0.02,0.51
002013,中航机电,6.51,0.03,0.46
002014,永新股份,6.56,-0.02,-0.30
002015,霞客环保,4.76,-0.08,-1.65
002016,世荣兆业,9.02,0.03,0.33
002017,东信和平,9.31,0.64,7.38
002018,*ST华信,1.22,0.06,5.17
002019,亿帆医药,10.70,0.10,0.94
002020,京新药业,8.60,-0.09,-1.04
002021,中捷资源,3.02,0.05,1.68
002022,科华生物,9.38,0.03,0.32
002023,海特高新,10.35,-0.35,-3.27
002024,苏宁易购,9.85,0.00,0.00
002025,航天电器,21.43,0.08,0.37
002026,山东威达,5.52,0.00,0.00
002027,分众传媒,5.24,-0.09,-1.69
002028,思源电气,9.87,-0.14,-1.40
002029,七匹狼,6.20,0.07,1.14
002030,达安基因,10.16,0.65,6.83
002031,巨轮智能,1.88,0.01,0.53
002032,苏泊尔,52.50,-0.39,-0.74
002033,丽江旅游,5.67,0.03,0.53
002034,旺能环境,10.94,-0.23,-2.06
002035,华帝股份,8.85,0.04,0.45
002036,联创电子,8.60,0.29,3.49
002037,久联发展,8.08,0.20,2.54
002038,双鹭药业,24.81,-0.67,-2.63
002039,黔源电力,13.00,-0.08,-0.61
002040,南京港,7.78,0.09,1.17
002041,登海种业,5.39,-0.01,-0.19
002042,华孚时尚,5.43,-0.01,-0.18
002043,兔宝宝,5.07,0.01,0.20
002044,美年健康,14.95,0.03,0.20
002045,国光电器,4.60,-0.18,-3.77
002046,轴研科技,6.35,0.08,1.28
002047,宝鹰股份,6.85,-0.09,-1.30
002048,宁波华翔,10.43,0.19,1.86
002049,紫光国微,28.90,-0.59,-2.00
002050,三花智控,12.69,0.21,1.68
002051,中工国际,11.08,0.04,0.36
002052,同洲电子,4.13,-0.17,-3.95
002053,云南能投,6.87,-0.32,-4.45
002054,德美化工,6.27,-0.16,-2.49
002055,得润电子,9.67,-0.09,-0.92
002056,横店东磁,5.53,0.10,1.84
002057,中钢天源,5.82,0.03,0.52
002058,威尔泰,12.86,-0.06,-0.46
002059,云南旅游,5.17,0.02,0.39
002060,粤水电,2.72,0.01,0.37
002061,浙江交科,10.27,-0.08,-0.77
002062,宏润建设,3.84,0.00,0.00
002063,远光软件,5.42,0.00,0.00
002064,华峰氨纶,4.19,-0.01,-0.24
002065,东华软件,6.95,0.04,0.58
002066,瑞泰科技,7.25,0.04,0.55
002067,景兴纸业,3.51,0.07,2.03
002068,黑猫股份,5.90,-0.10,-1.67
002069,獐子岛,3.26,0.02,0.62
002071,长城影视,4.55,-0.45,-9.00
002072,凯瑞德,6.16,0.07,1.15
002073,软控股份,4.53,-0.02,-0.44
002074,国轩高科,11.56,0.23,2.03
002075,沙钢股份,8.03,-0.10,-1.23
002076,雪莱特,3.14,-0.09,-2.79
002077,大港股份,3.81,0.02,0.53
002078,太阳纸业,5.70,0.02,0.35
002079,苏州固锝,4.67,-0.13,-2.71
002080,中材科技,8.09,-0.13,-1.58
002081,金螳螂,8.10,0.10,1.25
002082,万邦德,7.38,0.00,0.00
002083,孚日股份,4.93,0.02,0.41
002084,海鸥住工,3.89,0.04,1.04
002085,万丰奥威,7.75,0.26,3.47
002086,东方海洋,4.36,0.03,0.69
002087,新野纺织,3.53,0.01,0.28
002088,鲁阳节能,8.47,-0.30,-3.42
002089,新海宜,4.30,-0.21,-4.66
002090,金智科技,16.83,0.15,0.90
002091,江苏国泰,5.60,0.03,0.54
002092,中泰化学,7.05,-0.03,-0.42
002093,国脉科技,7.29,0.00,0.00
002094,青岛金王,4.87,-0.06,-1.22
002095,生意宝,19.68,-0.02,-0.10
002096,南岭民爆,5.24,0.01,0.19
002097,山河智能,5.55,0.05,0.91
002098,浔兴股份,7.84,-0.34,-4.16
002099,海翔药业,4.52,-0.01,-0.22
002100,天康生物,4.20,0.00,0.00
002101,广东鸿图,8.09,0.08,1.00
002102,ST冠福,1.75,0.07,4.17
002103,广博股份,4.12,-0.14,-3.29
002104,恒宝股份,5.86,-0.04,-0.68
002105,信隆健康,3.98,0.10,2.58
002106,莱宝高科,6.06,-0.13,-2.10
002107,沃华医药,6.61,-0.20,-2.94
002108,沧州明珠,4.21,0.01,0.24
002109,兴化股份,3.52,0.02,0.57
002110,三钢闽光,12.79,0.02,0.16
002111,威海广泰,9.74,0.01,0.10
002112,三变科技,6.65,-0.36,-5.14
002113,天润数娱,3.75,-0.03,-0.79
002114,罗平锌电,6.66,-0.13,-1.91
002115,三维通信,9.87,-0.33,-3.24
002116,中国海诚,6.85,-0.10,-1.44
002117,东港股份,14.15,0.05,0.35
002118,紫鑫药业,4.36,0.03,0.69
002119,康强电子,8.57,0.02,0.23
002120,韵达股份,30.30,0.04,0.13
002121,科陆电子,4.60,-0.02,-0.43
002122,*ST天马,1.65,0.05,3.12
002123,梦网集团,7.13,-0.09,-1.25
002124,天邦股份,6.80,-0.11,-1.59
002125,湘潭电化,6.67,0.03,0.45
002126,银轮股份,7.44,0.00,0.00
002127,南极电商,7.52,0.26,3.58
002128,露天煤业,7.16,0.01,0.14
002129,中环股份,7.23,-0.08,-1.09
002130,沃尔核材,3.24,0.01,0.31
002131,利欧股份,1.47,0.00,0.00
002132,恒星科技,2.72,0.00,0.00
002133,广宇集团,3.45,-0.02,-0.58
002134,天津普林,5.90,0.01,0.17
002135,东南网架,4.96,0.00,0.00
002136,安纳达,8.17,0.16,2.00
002137,麦达数字,6.78,0.11,1.65
002138,顺络电子,13.84,0.29,2.14
002139,拓邦股份,3.92,-0.03,-0.76
002140,东华科技,5.76,-0.06,-1.03
002141,贤丰控股,4.33,-0.23,-5.04
002142,宁波银行,16.22,0.09,0.56
002143,印纪传媒,2.86,-0.02,-0.69
002144,宏达高科,9.80,-0.01,-0.10
002145,中核钛白,3.22,0.01,0.31
002146,荣盛发展,7.95,-0.04,-0.50
002147,ST新光,3.10,-0.06,-1.90
002148,北纬科技,5.97,-0.17,-2.77
002149,西部材料,5.31,-0.05,-0.93
002150,通润装备,6.20,0.07,1.14
002151,北斗星通,21.10,0.71,3.48
002152,广电运通,5.61,0.00,0.00
002153,石基信息,25.96,-0.05,-0.19
002154,报喜鸟,3.03,0.03,1.00
002155,湖南黄金,7.85,0.23,3.02
002156,通富微电,7.13,-0.08,-1.11
002157,正邦科技,5.31,-0.05,-0.93
002158,汉钟精机,7.17,0.08,1.13
002159,三特索道,17.58,0.05,0.29
002160,常铝股份,3.69,-0.01,-0.27
002161,远望谷,5.42,-0.07,-1.28
002162,悦心健康,2.84,-0.01,-0.35
002163,中航三鑫,5.02,0.08,1.62
002164,宁波东力,2.70,0.03,1.12
002165,红宝丽,3.45,0.00,0.00
002166,莱茵生物,6.14,-0.08,-1.29
002167,东方锆业,5.28,0.02,0.38
002168,深圳惠程,9.89,-0.01,-0.10
002169,智光电气,3.58,-0.03,-0.83
002170,芭田股份,2.92,0.01,0.34
002171,楚江新材,4.63,-0.05,-1.07
002172,澳洋健康,3.84,0.14,3.78
002173,创新医疗,7.26,0.06,0.83
002174,游族网络,18.59,0.10,0.54
002175,东方网络,3.39,0.02,0.59
002176,江特电机,5.87,0.00,0.00
002177,御银股份,3.18,-0.01,-0.31
002178,延华智能,3.67,0.03,0.82
002179,中航光电,33.68,0.27,0.81
002180,纳思达,22.92,0.51,2.28
002181,粤传媒,3.61,-0.05,-1.37
002182,云海金属,6.24,0.03,0.48
002184,海得控制,9.33,-0.34,-3.52
002185,华天科技,4.06,-0.09,-2.17
002186,全聚德,11.38,0.08,0.71
002187,广百股份,8.15,0.09,1.12
002188,*ST巴士,3.81,-0.12,-3.05
002189,利达光电,12.45,-0.09,-0.72
002190,成飞集成,16.14,0.03,0.19
002191,劲嘉股份,7.81,-0.16,-2.01
002192,融捷股份,18.24,0.20,1.11
002193,如意集团,8.76,0.00,0.00
002194,*ST凡谷,6.34,-0.08,-1.25
002195,二三四五,3.69,-0.02,-0.54
002196,方正电机,5.07,-0.03,-0.59
002197,证通电子,7.00,0.21,3.09
002198,嘉应制药,5.09,-0.15,-2.86
002199,东晶电子,9.17,-0.38,-3.98
002200,云投生态,5.60,-0.02,-0.36
002201,九鼎新材,6.33,-0.11,-1.71
002202,金风科技,9.99,-0.24,-2.35
002203,海亮股份,7.86,-0.09,-1.13
002204,大连重工,2.96,-0.04,-1.33
002205,国统股份,11.70,0.05,0.43
002206,海利得,3.81,0.00,0.00
002207,ST准油,4.47,0.01,0.22
002208,合肥城建,9.88,0.69,7.51
002209,达意隆,6.80,0.13,1.95
002210,飞马国际,3.67,0.02,0.55
002211,宏达新材,4.70,-0.11,-2.29
002212,南洋股份,11.12,0.12,1.09
002213,特尔佳,9.31,-0.89,-8.73
002214,大立科技,5.49,-0.07,-1.26
002215,诺普信,6.76,0.03,0.45
002216,三全食品,7.28,0.35,5.05
002217,合力泰,4.68,0.05,1.08
002218,拓日新能,2.75,0.00,0.00
002219,恒康医疗,3.44,0.10,2.99
002220,天宝食品,2.55,0.01,0.39
002221,东华能源,8.06,0.06,0.75
002222,福晶科技,9.76,0.00,0.00
002223,鱼跃医疗,19.61,0.09,0.46
002224,三力士,5.40,-0.01,-0.18
002225,濮耐股份,4.42,-0.04,-0.90
002226,江南化工,5.09,-0.02,-0.39
002227,奥特迅,10.17,0.00,0.00
002228,合兴包装,4.28,0.02,0.47
002229,鸿博股份,7.27,-0.18,-2.42
002230,科大讯飞,24.64,0.22,0.90
002231,奥维通信,6.82,-0.19,-2.71
002232,启明信息,6.79,0.08,1.19
002233,塔牌集团,10.06,0.02,0.20
002234,民和股份,11.45,-0.15,-1.29
002235,安妮股份,5.15,-0.01,-0.19
002236,大华股份,11.46,-0.03,-0.26
002237,恒邦股份,8.38,0.12,1.45
002238,天威视讯,6.50,0.08,1.25
002239,奥特佳,2.00,0.01,0.50
002240,威华股份,7.29,-0.04,-0.55
002241,歌尔股份,6.88,0.03,0.44
002242,九阳股份,16.01,-0.49,-2.97
002243,通产丽星,13.82,0.20,1.47
002244,滨江集团,3.98,0.15,3.92
002245,澳洋顺昌,3.88,0.00,0.00
002246,北化股份,6.61,0.00,0.00
002247,聚力文化,4.66,-0.04,-0.85
002248,华东数控,8.70,0.13,1.52
002249,大洋电机,3.30,-0.05,-1.49
002250,联化科技,9.43,0.18,1.95
002251,步步高,7.42,0.06,0.82
002252,上海莱士,8.01,-0.09,-1.11
002253,川大智胜,13.22,0.00,0.00
002254,泰和新材,10.84,0.11,1.03
002255,海陆重工,3.91,-0.01,-0.26
002256,兆新股份,2.95,0.00,0.00
002258,利尔化学,13.14,-0.46,-3.38
002259,ST升达,2.29,0.07,3.15
002260,*ST德奥,3.24,-0.08,-2.41
002261,拓维信息,4.22,-0.14,-3.21
002262,恩华药业,9.02,0.01,0.11
002263,*ST东南,1.67,0.05,3.09
002264,新华都,5.73,-0.02,-0.35
002265,西仪股份,9.02,0.34,3.92
002266,浙富控股,4.07,-0.03,-0.73
002267,陕天然气,7.39,-0.11,-1.47
002268,卫士通,17.86,-0.21,-1.16
002269,美邦服饰,2.31,0.02,0.87
002270,华明装备,4.63,0.42,9.98
002271,东方雨虹,12.95,-0.20,-1.52
002272,川润股份,4.00,-0.02,-0.50
002273,水晶光电,9.56,-0.09,-0.93
002274,华昌化工,5.07,-0.04,-0.78
002275,桂林三金,12.80,0.01,0.08
002276,万马股份,5.04,0.00,0.00
002277,友阿股份,3.16,0.04,1.28
002278,神开股份,6.64,0.07,1.07
002279,久其软件,7.11,-0.04,-0.56
002280,联络互动,3.87,-0.01,-0.26
002281,光迅科技,26.86,-0.01,-0.04
002282,博深工具,8.36,-0.02,-0.24
002283,天润曲轴,3.35,0.04,1.21
002284,亚太股份,4.25,0.02,0.47
002285,世联行,5.08,0.00,0.00
002286,保龄宝,5.46,-0.01,-0.18
002287,奇正藏药,25.02,0.27,1.09
002288,超华科技,4.51,-0.05,-1.10
002289,宇顺电子,4.87,-0.20,-3.94
002290,中科新材,9.63,-0.04,-0.41
002291,星期六,4.49,0.05,1.13
002292,奥飞娱乐,5.66,0.06,1.07
002293,罗莱生活,8.65,-0.02,-0.23
002294,信立泰,20.89,0.04,0.19
002295,精艺股份,7.73,0.08,1.05
002296,辉煌科技,5.10,-0.02,-0.39
002297,博云新材,5.96,0.00,0.00
002298,中电兴发,5.90,-0.05,-0.84
002299,圣农发展,16.54,-0.19,-1.14
002300,太阳电缆,5.41,-0.11,-1.99
002301,齐心集团,8.46,-0.14,-1.63
002302,西部建设,8.84,0.05,0.57
002303,美盈森,4.65,-0.03,-0.64
002304,洋河股份,94.72,2.22,2.40
002305,南国置业,2.88,-0.07,-2.37
002306,*ST云网,3.22,-0.04,-1.23
002307,北新路桥,5.34,0.02,0.38
002308,威创股份,4.45,-0.13,-2.84
002309,中利集团,8.34,0.09,1.09
002310,东方园林,6.96,0.01,0.14
002311,海大集团,23.17,0.87,3.90
002312,三泰控股,3.13,-0.01,-0.32
002313,日海智能,22.58,0.58,2.64
002314,南山控股,2.87,0.03,1.06
002315,焦点科技,11.81,-0.01,-0.08
002316,亚联发展,6.99,0.23,3.40
002317,众生药业,8.35,0.02,0.24
002318,久立特材,6.34,0.22,3.59
002319,乐通股份,15.29,0.01,0.07
002320,海峡股份,13.45,0.39,2.99
002321,华英农业,5.16,0.11,2.18
002322,理工环科,9.08,-0.27,-2.89
002324,普利特,9.99,-0.18,-1.77
002325,洪涛股份,2.91,0.00,0.00
002326,永太科技,6.99,-0.06,-0.85
002327,富安娜,7.51,0.19,2.60
002328,新朋股份,5.60,-0.16,-2.78
002329,皇氏集团,3.25,-0.04,-1.22
002330,得利斯,4.32,0.02,0.47
002331,皖通科技,8.96,-0.02,-0.22
002332,仙琚制药,6.13,0.08,1.32
002333,罗普斯金,5.86,0.53,9.94
002334,英威腾,4.28,0.06,1.42
002335,科华恒盛,15.07,-0.03,-0.20
002336,人人乐,6.29,-0.01,-0.16
002337,赛象科技,3.76,0.11,3.01
002338,奥普光电,11.11,0.16,1.46
002339,积成电子,6.12,-0.19,-3.01
002340,格林美,3.84,0.00,0.00
002341,新纶科技,11.88,-0.08,-0.67
002342,巨力索具,3.31,0.05,1.53
002343,慈文传媒,9.02,-0.19,-2.06
002344,海宁皮城,4.55,-0.01,-0.22
002345,潮宏基,4.47,-0.02,-0.45
002346,柘中股份,12.50,-0.15,-1.19
002347,泰尔股份,3.67,0.00,0.00
002348,高乐股份,3.08,-0.02,-0.65
002349,精华制药,5.73,0.07,1.24
002350,北京科锐,6.08,0.08,1.33
002351,漫步者,4.94,0.00,0.00
002352,顺丰控股,32.75,0.00,0.00
002353,杰瑞股份,15.00,-0.11,-0.73
002354,天神娱乐,5.24,0.13,2.54
002355,兴民智通,7.57,0.11,1.47
002356,赫美集团,7.36,-0.35,-4.54
002357,富临运业,5.49,-0.08,-1.44
002358,森源电气,17.80,0.75,4.40
002359,北讯集团,8.21,-0.20,-2.38
002360,同德化工,5.46,-0.05,-0.91
002361,神剑股份,3.64,0.02,0.55
002362,汉王科技,13.35,-0.01,-0.07
002363,隆基机械,4.76,0.02,0.42
002364,中恒电气,11.76,0.30,2.62
002365,永安药业,10.44,-0.08,-0.76
002366,台海核电,9.38,0.06,0.64
002367,康力电梯,5.57,0.12,2.20
002368,太极股份,23.20,-0.43,-1.82
002369,卓翼科技,7.40,-0.02,-0.27
002370,亚太药业,16.61,0.01,0.06
002371,北方华创,37.76,-0.30,-0.79
002372,伟星新材,15.51,0.23,1.51
002373,千方科技,11.12,-0.19,-1.68
002374,丽鹏股份,3.04,0.03,1.00
002375,亚厦股份,5.04,-0.04,-0.79
002376,新北洋,15.34,-0.36,-2.29
002377,国创高新,4.19,-0.01,-0.24
002378,章源钨业,4.72,-0.03,-0.63
002379,宏创控股,2.74,0.06,2.24
002380,科远股份,10.53,0.02,0.19
002381,双箭股份,6.70,0.04,0.60
002382,蓝帆医疗,14.86,0.06,0.41
002383,合众思壮,11.83,0.56,4.97
002384,东山精密,11.29,-0.26,-2.25
002385,大北农,3.20,0.01,0.31
002386,天原集团,5.35,-0.01,-0.19
002387,维信诺,7.62,0.14,1.87
002388,新亚制程,5.48,-0.18,-3.18
002389,航天彩虹,12.21,-0.12,-0.97
002390,信邦制药,4.09,-0.12,-2.85
002391,长青股份,10.55,-0.02,-0.19
002392,北京利尔,3.20,0.04,1.27
002393,力生制药,21.53,0.03,0.14
002394,联发股份,10.08,0.08,0.80
002395,双象股份,10.79,0.14,1.31
002396,星网锐捷,17.22,-0.27,-1.54
002397,梦洁股份,4.11,0.00,0.00
002398,建研集团,4.49,0.01,0.22
002399,海普瑞,23.05,0.00,0.00
002400,省广集团,2.96,0.07,2.42
002401,中远海科,8.97,0.01,0.11
002402,和而泰,6.18,-0.10,-1.59
002403,爱仕达,7.79,0.04,0.52
002404,嘉欣丝绸,5.35,-0.15,-2.73
002405,四维图新,14.11,0.08,0.57
002406,远东传动,5.29,-0.03,-0.56
002407,多氟多,10.96,-0.18,-1.62
002408,齐翔腾达,6.84,0.52,8.23
002409,雅克科技,13.87,-0.23,-1.63
002410,广联达,20.81,-0.32,-1.51
002411,延安必康,21.08,0.09,0.43
002412,汉森制药,14.21,-0.06,-0.42
002413,雷科防务,5.35,0.02,0.38
002414,高德红外,21.55,0.87,4.21
002415,海康威视,25.76,-0.04,-0.16
002416,爱施德,5.88,-0.13,-2.16
002417,深南股份,8.86,-0.53,-5.64
002418,康盛股份,3.08,-0.12,-3.75
002419,天虹股份,10.97,0.18,1.67
002420,毅昌股份,3.29,0.00,0.00
002421,达实智能,3.92,-0.19,-4.62
002422,科伦药业,20.65,0.08,0.39
002423,中原特钢,8.76,0.25,2.94
002424,贵州百灵,8.75,-0.09,-1.02
002425,凯撒文化,5.88,0.05,0.86
002426,胜利精密,2.32,0.00,0.00
002427,*ST尤夫,13.62,-0.01,-0.07
002428,云南锗业,5.00,0.00,0.00
002429,兆驰股份,1.90,0.00,0.00
002430,杭氧股份,9.35,0.18,1.96
002431,棕榈股份,3.57,0.00,0.00
002432,九安医疗,5.14,-0.06,-1.15
002433,太安堂,4.69,0.03,0.64
002434,万里扬,6.59,0.01,0.15
002435,长江润发,5.29,0.05,0.95
002436,兴森科技,4.52,-0.04,-0.88
002437,誉衡药业,2.80,-0.03,-1.06
002438,江苏神通,5.73,0.02,0.35
002439,启明星辰,20.56,-0.14,-0.68
002440,闰土股份,9.00,-0.03,-0.33
002441,众业达,6.66,0.03,0.45
002442,龙星化工,7.56,-0.32,-4.06
002443,金洲管道,5.31,0.02,0.38
002444,巨星科技,9.48,0.18,1.94
002445,ST中南,1.96,0.00,0.00
002446,盛路通信,7.91,-0.13,-1.62
002447,晨鑫科技,2.93,0.05,1.74
002448,中原内配,5.38,-0.01,-0.19
002449,国星光电,10.38,0.11,1.07
002450,康得新,7.64,0.09,1.19
002451,摩恩电气,12.17,-0.20,-1.62
002452,长高集团,3.46,-0.04,-1.14
002453,华软科技,5.20,-0.04,-0.76
002454,松芝股份,4.09,0.03,0.74
002455,百川股份,5.03,-0.01,-0.20
002456,欧菲科技,9.19,0.17,1.88
002457,青龙管业,8.04,0.02,0.25
002458,益生股份,14.35,-0.62,-4.14
002459,天业通联,8.37,-0.07,-0.83
002460,赣锋锂业,22.08,0.09,0.41
002461,珠江啤酒,4.40,-0.04,-0.90
002462,嘉事堂,14.45,0.38,2.70
002463,沪电股份,7.17,0.06,0.84
002464,众应互联,8.70,0.10,1.16
002465,海格通信,7.80,0.19,2.50
002466,天齐锂业,29.32,-0.18,-0.61
002467,二六三,5.06,-0.11,-2.13
002468,申通快递,16.45,-0.16,-0.96
002469,三维工程,3.84,0.03,0.79
002470,金正大,6.32,0.00,0.00
002471,中超控股,2.68,-0.02,-0.74
002472,双环传动,5.71,0.05,0.88
002473,*ST圣莱,6.58,-0.10,-1.50
002474,榕基软件,6.20,-0.02,-0.32
002475,立讯精密,14.06,0.10,0.72
002476,宝莫股份,4.46,0.06,1.36
002477,雏鹰农牧,1.50,-0.04,-2.60
002478,常宝股份,4.60,0.00,0.00
002479,富春环保,4.33,0.04,0.93
002480,新筑股份,4.88,0.23,4.95
002481,双塔食品,2.80,0.00,0.00
002482,广田集团,5.79,0.09,1.58
002483,润邦股份,3.65,-0.07,-1.88
002484,江海股份,6.16,0.43,7.50
002485,希努尔,7.59,0.41,5.71
002486,嘉麟杰,3.82,0.07,1.87
002487,大金重工,3.34,-0.03,-0.89
002488,金固股份,6.63,0.03,0.45
002489,浙江永强,2.64,0.00,0.00
002490,山东墨龙,4.21,-0.04,-0.94
002491,通鼎互联,7.88,-0.29,-3.55
002492,恒基达鑫,5.38,0.01,0.19
002493,荣盛石化,10.09,0.25,2.54
002494,华斯股份,6.08,-0.10,-1.62
002495,佳隆股份,3.15,0.02,0.64
002496,ST辉丰,1.92,0.09,4.92
002497,雅化集团,6.64,0.04,0.61
002498,汉缆股份,1.99,0.00,0.00
002499,科林环保,7.40,-0.18,-2.37
002500,山西证券,5.92,0.07,1.20
002501,利源精制,2.83,0.01,0.35
002502,骅威文化,3.94,-0.04,-1.01
002503,搜于特,2.35,0.01,0.43
002504,弘高创意,3.65,0.15,4.29
002505,大康农业,1.62,0.03,1.89
002506,协鑫集成,5.00,-0.01,-0.20
002507,涪陵榨菜,21.60,-0.13,-0.60
002508,老板电器,20.19,-0.21,-1.03
002509,天广中茂,2.37,0.08,3.49
002510,天汽模,3.59,-0.01,-0.28
002511,中顺洁柔,8.52,-0.18,-2.07
002512,达华智能,5.31,-0.16,-2.93
002513,蓝丰生化,6.50,-0.06,-0.91
002514,宝馨科技,5.33,-0.06,-1.11
002515,金字火腿,4.19,0.05,1.21
002516,旷达科技,2.84,-0.01,-0.35
002517,恺英网络,3.71,0.07,1.92
002518,科士达,7.20,0.05,0.70
002519,银河电子,3.49,-0.04,-1.13
002520,日发精机,7.23,0.08,1.12
002521,齐峰新材,5.57,-0.01,-0.18
002522,浙江众成,4.89,0.04,0.82
002523,天桥起重,2.95,0.01,0.34
002524,光正集团,4.59,-0.07,-1.50
002526,山东矿机,1.88,0.02,1.08
002527,新时达,5.36,-0.03,-0.56
002528,英飞拓,3.64,0.00,0.00
002529,海源复材,6.79,0.04,0.59
002530,金财互联,6.59,-0.65,-8.98
002531,天顺风能,4.45,0.19,4.46
002532,新界泵业,4.94,-0.02,-0.40
002533,金杯电工,4.41,0.08,1.85
002534,杭锅股份,5.35,0.03,0.56
002535,林州重机,3.22,0.01,0.31
002536,西泵股份,9.27,-0.23,-2.42
002537,海联金汇,10.25,-0.14,-1.35
002538,司尔特,4.83,0.01,0.21
002539,云图控股,4.10,0.01,0.24
002540,亚太科技,4.62,-0.04,-0.86
002541,鸿路钢构,7.02,0.04,0.57
002542,中化岩土,4.30,0.02,0.47
002543,万和电气,12.85,0.17,1.34
002544,杰赛科技,10.82,-0.23,-2.08
002545,东方铁塔,5.86,-0.04,-0.68
002546,新联电子,3.77,-0.03,-0.79
002547,春兴精工,5.29,-0.29,-5.20
002548,金新农,6.69,-0.04,-0.59
002549,凯美特气,5.41,0.12,2.27
002550,千红制药,3.80,0.06,1.60
002551,尚荣医疗,4.60,-0.04,-0.86
002552,*ST宝鼎,5.12,0.11,2.20
002553,南方轴承,5.17,-0.01,-0.19
002554,惠博普,2.71,-0.01,-0.37
002555,三七互娱,9.44,-0.11,-1.15
002556,辉隆股份,5.11,-0.05,-0.97
002557,洽洽食品,19.04,0.64,3.48
002558,巨人网络,19.37,-0.05,-0.26
002559,亚威股份,6.57,-0.01,-0.15
002560,通达股份,5.37,0.29,5.71
002561,徐家汇,7.70,0.07,0.92
002562,兄弟科技,4.25,0.02,0.47
002563,森马服饰,8.92,0.10,1.13
002564,天沃科技,5.02,-0.02,-0.40
002565,顺灏股份,3.77,0.02,0.53
002566,益盛药业,5.74,0.00,0.00
002567,唐人神,5.67,0.01,0.18
002568,百润股份,9.14,0.49,5.66
002569,步森股份,9.55,0.18,1.92
002570,*ST因美,4.96,0.05,1.02
002571,德力股份,5.23,-0.24,-4.39
002572,索菲亚,16.75,-0.16,-0.95
002573,清新环境,7.22,-0.06,-0.82
002574,明牌珠宝,4.93,-0.04,-0.80
002575,群兴玩具,7.55,0.69,10.06
002576,通达动力,10.03,0.36,3.72
002577,雷柏科技,9.74,-0.03,-0.31
002578,闽发铝业,3.34,0.04,1.21
002579,中京电子,8.59,0.03,0.35
002580,圣阳股份,5.06,0.05,1.00
002581,未名医药,6.46,0.00,0.00
002582,好想你,7.52,0.03,0.40
002583,海能达,7.89,-0.23,-2.83
002584,西陇科学,6.03,-0.12,-1.95
002585,双星新材,5.10,0.08,1.59
002586,围海股份,4.52,0.03,0.67
002587,奥拓电子,4.86,0.01,0.21
002588,史丹利,3.89,0.02,0.52
002589,瑞康医药,6.97,0.24,3.57
002590,万安科技,6.36,0.13,2.09
002591,恒大高新,6.80,0.12,1.80
002592,八菱科技,23.40,0.31,1.34
002593,日上集团,3.04,-0.01,-0.33
002594,比亚迪,51.00,0.16,0.31
002595,豪迈科技,16.00,-0.02,-0.12
002596,海南瑞泽,5.99,0.30,5.27
002597,金禾实业,15.89,0.15,0.95
002598,山东章鼓,6.78,0.08,1.19
002599,盛通股份,9.80,0.10,1.03
002600,领益智造,2.50,0.02,0.81
002601,龙蟒佰利,12.30,0.00,0.00
002602,世纪华通,20.65,0.55,2.74
002603,以岭药业,10.46,-0.09,-0.85
002604,*ST龙力,1.66,-0.04,-2.35
002605,姚记扑克,7.51,0.19,2.60
002606,大连电瓷,6.56,-0.24,-3.53
002607,亚夏汽车,7.20,0.13,1.84
002608,江苏国信,7.65,0.41,5.66
002609,捷顺科技,5.54,0.04,0.73
002610,爱康科技,1.57,0.00,0.00
002611,东方精工,3.75,0.00,0.00
002612,朗姿股份,8.78,-0.07,-0.79
002613,北玻股份,2.66,-0.01,-0.37
002614,奥佳华,15.95,0.37,2.37
002615,哈尔斯,4.83,-0.08,-1.63
002616,长青集团,7.30,0.05,0.69
002617,露笑科技,3.98,0.01,0.25
002618,丹邦科技,13.77,0.20,1.47
002619,艾格拉斯,3.37,0.06,1.81
002620,瑞和股份,5.83,0.06,1.04
002621,三垒股份,16.94,0.09,0.53
002622,融钰集团,3.06,-0.03,-0.97
002623,亚玛顿,15.32,0.23,1.52
002624,完美世界,27.85,0.52,1.90
002625,光启技术,9.90,0.08,0.81
002626,金达威,12.02,-0.06,-0.50
002627,宜昌交运,6.39,0.01,0.16
002628,成都路桥,4.57,0.01,0.22
002629,仁智股份,3.92,-0.10,-2.49
002630,华西能源,2.85,-0.01,-0.35
002631,德尔未来,6.44,-0.09,-1.38
002632,道明光学,6.93,0.01,0.14
002633,申科股份,8.12,0.17,2.14
002634,棒杰股份,4.94,0.09,1.86
002635,安洁科技,11.33,-0.20,-1.73
002636,金安国纪,7.13,-0.01,-0.14
002637,赞宇科技,7.14,-0.01,-0.14
002638,勤上股份,2.57,0.01,0.39
002639,雪人股份,5.33,-0.11,-2.02
002640,跨境通,10.80,-0.04,-0.37
002641,永高股份,3.26,0.01,0.31
002642,荣之联,6.44,0.00,0.00
002643,万润股份,10.12,0.20,2.02
002644,佛慈制药,7.81,0.00,0.00
002645,华宏科技,7.12,-0.03,-0.42
002646,青青稞酒,10.71,-0.04,-0.37
002647,仁东控股,14.44,0.56,4.03
002648,卫星石化,9.67,-0.03,-0.31
002649,博彦科技,7.33,-0.06,-0.81
002650,加加食品,3.60,0.00,0.00
002651,利君股份,4.09,0.02,0.49
002652,扬子新材,3.86,0.01,0.26
002653,海思科,11.89,1.08,9.99
002654,万润科技,3.95,0.01,0.25
002655,共达电声,6.53,0.17,2.67
002656,摩登大道,6.20,-0.43,-6.49
002657,中科金财,12.56,0.03,0.24
002658,雪迪龙,7.10,0.00,0.00
002659,凯文教育,8.39,-0.10,-1.18
002660,茂硕电源,5.91,0.04,0.68
002661,克明面业,12.34,-0.06,-0.48
002662,京威股份,3.77,-0.03,-0.79
002663,普邦股份,2.47,-0.01,-0.40
002664,长鹰信质,12.28,-0.25,-2.00
002665,首航节能,2.81,0.11,4.07
002666,德联集团,3.85,0.02,0.52
002667,鞍重股份,6.56,-0.06,-0.91
002668,奥马电器,4.87,-0.13,-2.60
002669,康达新材,10.14,0.01,0.10
002670,国盛金控,10.08,0.12,1.20
002671,龙泉股份,4.10,0.05,1.23
002672,东江环保,11.44,0.23,2.05
002673,西部证券,7.67,0.09,1.19
002674,兴业科技,7.59,-0.01,-0.13
002675,东诚药业,7.87,-0.24,-2.96
002676,顺威股份,2.86,-0.03,-1.04
002677,浙江美大,9.97,-0.05,-0.50
002678,珠江钢琴,5.72,-0.06,-1.04
002679,福建金森,17.25,0.07,0.41
002681,奋达科技,3.66,0.04,1.10
002682,龙洲股份,4.30,-0.03,-0.69
002683,宏大爆破,8.23,-0.03,-0.36
002684,猛狮科技,6.31,-0.27,-4.10
002685,华东重机,4.92,-0.07,-1.40
002686,亿利达,6.97,0.14,2.05
002687,乔治白,6.19,-0.10,-1.59
002688,金河生物,4.46,0.02,0.45
002689,远大智能,3.27,-0.03,-0.91
002690,美亚光电,21.28,0.68,3.30
002691,冀凯股份,7.39,0.15,2.07
002692,睿康股份,3.99,-0.06,-1.48
002693,双成药业,3.89,-0.02,-0.51
002694,顾地科技,4.18,-0.03,-0.71
002695,煌上煌,9.94,-0.14,-1.39
002696,百洋股份,8.96,0.00,0.00
002697,红旗连锁,5.13,0.01,0.20
002698,博实股份,8.89,-0.01,-0.11
002699,美盛文化,5.48,-0.07,-1.26
002700,新疆浩源,9.90,0.08,0.81
002701,奥瑞金,5.06,-0.02,-0.39
002702,海欣食品,3.99,-0.02,-0.50
002703,浙江世宝,4.19,-0.20,-4.56
002705,新宝股份,9.18,0.02,0.22
002706,良信电器,6.17,0.18,3.01
002707,众信旅游,6.32,0.04,0.64
002708,光洋股份,7.62,-0.17,-2.18
002709,天赐材料,21.66,-0.13,-0.60
002711,欧浦智网,3.89,0.13,3.46
002712,思美传媒,5.97,-0.04,-0.67
002713,东易日盛,15.68,-0.12,-0.76
002714,牧原股份,28.75,0.38,1.34
002715,登云股份,16.55,-0.05,-0.30
002716,金贵银业,6.13,0.13,2.17
002717,岭南股份,8.91,0.09,1.02
002718,友邦吊顶,27.60,-0.03,-0.11
002719,麦趣尔,10.88,-0.03,-0.27
002721,金一文化,6.38,0.06,0.95
002722,金轮股份,14.20,-0.62,-4.18
002723,金莱特,9.02,-0.17,-1.85
002724,海洋王,5.21,0.07,1.36
002725,跃岭股份,8.00,0.19,2.43
002726,龙大肉食,7.91,0.17,2.20
002727,一心堂,17.78,-0.32,-1.77
002728,特一药业,13.12,0.07,0.54
002729,好利来,20.60,0.18,0.88
002730,电光科技,6.76,-0.27,-3.84
002731,萃华珠宝,17.30,0.05,0.29
002732,燕塘乳业,17.11,-0.34,-1.95
002733,雄韬股份,10.25,0.15,1.49
002734,利民股份,10.24,0.02,0.20
002735,王子新材,21.55,0.08,0.37
002736,国信证券,8.37,0.19,2.32
002737,葵花药业,14.78,-0.24,-1.60
002738,中矿资源,14.54,0.40,2.83
002739,万达电影,21.83,0.57,2.68
002740,爱迪尔,5.23,-0.02,-0.38
002741,光华科技,15.85,0.03,0.19
002742,三圣股份,8.24,0.02,0.24
002743,富煌钢构,5.83,0.03,0.52
002745,木林森,11.29,-0.45,-3.83
002746,仙坛股份,13.68,-0.12,-0.87
002747,埃斯顿,8.51,-0.18,-2.07
002748,世龙实业,7.05,-0.05,-0.70
002749,国光股份,17.35,-0.15,-0.86
002750,龙津药业,5.60,-0.02,-0.36
002751,易尚展示,21.48,-0.56,-2.54
002752,昇兴股份,7.25,-0.04,-0.55
002753,永东股份,9.02,0.10,1.12
002755,东方新星,13.00,0.00,0.00
002756,永兴特钢,11.92,-0.09,-0.75
002757,南兴装备,28.40,-0.05,-0.18
002758,华通医药,7.17,-0.11,-1.51
002759,天际股份,7.94,0.09,1.15
002760,凤形股份,14.80,-0.75,-4.82
002761,多喜爱,18.17,0.69,3.95
002762,金发拉比,5.18,-0.03,-0.58
002763,汇洁股份,8.01,0.02,0.25
002765,蓝黛传动,6.24,0.08,1.30
002766,索菱股份,5.46,0.02,0.37
002767,先锋电子,14.10,-0.07,-0.49
002768,国恩股份,22.30,1.50,7.21
002769,普路通,10.14,0.39,4.00
002770,科迪乳业,2.79,-0.05,-1.76
002771,真视通,11.04,-0.21,-1.87
002772,众兴菌业,6.47,0.02,0.31
002773,康弘药业,34.07,-0.33,-0.96
002774,快意电梯,8.10,0.03,0.37
002775,文科园林,6.00,0.00,0.00
002776,柏堡龙,16.26,0.14,0.87
002777,久远银海,23.58,0.12,0.51
002778,高科石化,17.46,-1.91,-9.86
002779,中坚科技,16.23,-0.01,-0.06
002780,三夫户外,12.63,-0.20,-1.56
002781,奇信股份,14.41,0.09,0.63
002782,可立克,10.98,0.09,0.83
002783,凯龙股份,6.43,0.02,0.31
002786,银宝山新,6.09,0.08,1.33
002787,华源控股,6.60,0.01,0.15
002788,鹭燕医药,12.62,0.10,0.80
002789,建艺集团,16.31,0.05,0.31
002790,瑞尔特,10.59,-0.02,-0.19
002791,坚朗五金,9.86,0.06,0.61
002792,通宇通讯,30.62,-0.33,-1.07
002793,东音股份,10.20,0.10,0.99
002795,永和智控,15.19,-0.20,-1.30
002796,世嘉科技,34.64,0.49,1.43
002797,第一创业,5.42,0.13,2.46
002798,帝欧家居,13.41,0.17,1.28
002799,环球印务,12.03,0.01,0.08
002800,天顺股份,16.57,-0.24,-1.43
002801,微光股份,21.23,0.02,0.09
002802,洪汇新材,20.86,0.00,0.00
002803,吉宏股份,14.75,0.01,0.07
002805,丰元股份,14.70,-0.45,-2.97
002806,华锋股份,18.35,-1.29,-6.57
002807,江阴银行,5.08,0.05,0.99
002808,恒久科技,12.80,0.10,0.79
002809,红墙股份,15.10,-0.08,-0.53
002810,山东赫达,17.83,0.33,1.89
002811,亚泰国际,18.00,0.53,3.03
002812,恩捷股份,49.41,0.13,0.26
002813,路畅科技,25.91,1.70,7.02
002815,崇达技术,14.61,-0.21,-1.42
002816,和科达,14.99,-0.10,-0.66
002817,黄山胶囊,17.20,0.20,1.18
002818,富森美,20.79,0.16,0.78
002819,东方中科,20.90,0.17,0.82
002820,桂发祥,12.14,0.14,1.17
002821,凯莱英,67.85,1.46,2.20
002822,中装建设,5.18,0.09,1.77
002823,凯中精密,10.31,-0.05,-0.48
002824,和胜股份,9.13,-0.68,-6.93
002825,纳尔股份,13.88,-0.22,-1.56
002826,易明医药,10.22,-0.06,-0.58
002827,高争民爆,13.91,0.01,0.07
002828,贝肯能源,11.70,-0.38,-3.15
002829,星网宇达,18.00,0.53,3.03
002830,名雕股份,15.23,-0.36,-2.31
002831,裕同科技,40.06,-0.65,-1.60
002832,比音勒芬,33.40,0.65,1.98
002833,弘亚数控,34.00,0.63,1.89
002835,同为股份,7.14,-0.06,-0.83
002836,新宏泽,11.38,0.21,1.88
002837,英维克,15.34,-0.96,-5.89
002838,道恩股份,17.53,0.08,0.46
002839,张家港行,5.35,0.09,1.71
002840,华统股份,13.07,0.08,0.62
002841,视源股份,56.90,-0.55,-0.96
002842,翔鹭钨业,15.11,0.01,0.07
002843,泰嘉股份,12.05,-0.19,-1.55
002845,同兴达,17.29,0.60,3.59
002846,英联股份,10.71,-0.20,-1.83
002847,盐津铺子,21.50,-0.62,-2.80
002848,高斯贝尔,11.69,-0.45,-3.71
002849,威星智能,14.12,-0.27,-1.88
002850,科达利,18.45,0.67,3.77
002851,麦格米特,21.20,0.10,0.47
002852,道道全,12.21,0.03,0.25
002853,皮阿诺,18.37,-0.23,-1.24
002855,捷荣技术,8.56,0.04,0.47
002856,美芝股份,21.45,-0.65,-2.94
002857,三晖电气,11.76,-0.35,-2.89
002858,力盛赛车,13.75,0.08,0.59
002859,洁美科技,30.75,0.05,0.16
002860,星帅尔,18.71,-0.01,-0.05
002861,瀛通通讯,18.55,-0.45,-2.37
002862,实丰文化,21.31,0.61,2.95
002863,今飞凯达,6.37,-0.01,-0.16
002864,盘龙药业,31.91,-0.51,-1.57
002865,钧达股份,19.12,0.78,4.25
002866,传艺科技,10.46,-0.12,-1.13
002867,周大生,27.63,-0.19,-0.68
002868,绿康生化,14.92,0.01,0.07
002869,金溢科技,15.81,-0.01,-0.06
002870,香山股份,14.68,-0.04,-0.27
002871,伟隆股份,19.45,-2.14,-9.91
002872,天圣制药,8.56,-0.07,-0.81
002873,新天药业,16.24,0.24,1.50
002875,安奈儿,14.33,-0.13,-0.90
002876,三利谱,31.96,0.86,2.77
002877,智能自控,14.55,-0.26,-1.76
002878,元隆雅图,25.38,1.21,5.01
002879,长缆科技,13.47,-0.19,-1.39
002880,卫光生物,40.19,-0.14,-0.35
002881,美格智能,17.81,-0.24,-1.33
002882,金龙羽,9.75,-0.25,-2.50
002883,中设股份,19.58,-0.11,-0.56
002884,凌霄泵业,20.73,0.25,1.22
002885,京泉华,21.15,-0.30,-1.40
002886,沃特股份,17.43,0.06,0.35
002887,绿茵生态,15.85,-0.12,-0.75
002888,惠威科技,18.58,-0.15,-0.80
002889,东方嘉盛,24.36,-0.82,-3.26
002890,弘宇股份,18.45,-0.05,-0.27
002891,中宠股份,33.09,0.41,1.25
002892,科力尔,26.74,-0.85,-3.08
002893,华通热力,16.08,-0.35,-2.13
002895,川恒股份,11.96,-0.45,-3.63
002896,中大力德,31.14,0.04,0.13
002897,意华股份,20.45,-0.82,-3.86
002898,赛隆药业,15.03,0.02,0.13
002899,英派斯,14.45,-0.11,-0.76
002900,哈三联,12.08,0.13,1.09
002901,大博医疗,29.59,0.35,1.20
002902,铭普光磁,23.66,-0.57,-2.35
002903,宇环数控,17.28,-0.45,-2.54
002905,金逸影视,13.03,-0.69,-5.03
002906,华阳集团,9.76,0.00,0.00
002907,华森制药,18.84,-0.26,-1.36
002908,德生科技,17.93,-1.02,-5.38
002909,集泰股份,10.86,-0.10,-0.91
002910,庄园牧场,11.84,-0.19,-1.58
002911,佛燃股份,16.86,-0.40,-2.32
002912,中新赛克,81.06,0.93,1.16
002913,奥士康,39.92,-2.17,-5.16
002915,中欣氟材,21.93,-0.47,-2.10
002916,深南电路,80.17,2.21,2.83
002917,金奥博,22.42,-0.39,-1.71
002918,蒙娜丽莎,16.60,-0.07,-0.42
002919,名臣健康,19.97,-2.21,-9.96
002920,德赛西威,17.35,0.02,0.12
002921,联诚精密,25.84,-0.54,-2.05
002922,伊戈尔,17.34,-0.96,-5.25
002923,润都股份,23.52,-0.57,-2.37
002925,盈趣科技,43.88,-0.56,-1.26
002926,华西证券,8.37,0.16,1.95
002927,泰永长征,43.36,1.37,3.26
002928,华夏航空,18.71,-0.36,-1.89
002929,润建通信,32.66,-0.89,-2.65
002930,宏川智慧,25.85,-1.23,-4.54
002931,锋龙股份,32.67,-1.62,-4.72
002932,明德生物,44.12,-0.82,-1.82
002933,新兴装备,40.22,-1.28,-3.08
002935,天奥电子,42.68,0.47,1.11
002936,郑州银行,5.07,0.04,0.80
002937,兴瑞科技,22.59,-2.51,-10.00
002938,鹏鼎控股,17.52,-0.14,-0.79
002939,长城证券,9.91,0.11,1.12
002940,昂利康,35.77,-1.89,-5.02
002941,新疆交建,21.55,0.55,2.62
002942,新农股份,30.62,-3.40,-9.99
002943,宇晶股份,34.90,-3.33,-8.71
300001,特锐德,17.53,0.92,5.54
300002,神州泰岳,3.30,-0.05,-1.49
300003,乐普医疗,20.81,0.71,3.53
300004,南风股份,3.59,0.10,2.87
300005,探路者,3.27,-0.01,-0.30
300006,莱美药业,3.60,0.01,0.28
300007,汉威科技,9.81,0.00,0.00
300008,天海防务,2.59,0.01,0.39
300009,安科生物,13.36,-0.05,-0.37
300010,立思辰,7.26,0.31,4.46
300011,鼎汉技术,6.05,-0.05,-0.82
300012,华测检测,6.55,0.14,2.18
300013,新宁物流,9.14,-0.04,-0.44
300014,亿纬锂能,15.72,0.39,2.54
300015,爱尔眼科,26.30,0.18,0.69
300016,北陆药业,7.00,0.05,0.72
300017,网宿科技,7.83,0.08,1.03
300018,中元股份,4.47,-0.05,-1.11
300019,硅宝科技,5.97,0.09,1.53
300020,银江股份,6.48,-0.02,-0.31
300021,大禹节水,4.15,0.02,0.48
300022,吉峰科技,3.62,0.01,0.28
300023,宝德股份,6.07,0.01,0.17
300024,机器人,13.22,-0.11,-0.83
300025,华星创业,4.79,-0.12,-2.44
300026,红日药业,3.05,-0.03,-0.97
300027,华谊兄弟,4.69,-0.02,-0.42
300029,天龙光电,4.63,0.00,0.00
300030,阳普医疗,5.15,-0.04,-0.77
300031,宝通科技,13.19,0.38,2.97
300032,金龙机电,2.89,-0.06,-2.03
300033,同花顺,38.20,0.31,0.82
300034,钢研高纳,8.60,-0.23,-2.60
300035,中科电气,4.50,-0.03,-0.66
300036,超图软件,18.33,-0.35,-1.87
300037,新宙邦,24.05,0.65,2.78
300038,数知科技,9.33,0.15,1.63
300039,上海凯宝,4.06,0.00,0.00
300040,九洲电气,4.92,-0.06,-1.20
300041,回天新材,6.67,0.17,2.62
300042,朗科科技,12.97,0.07,0.54
300043,星辉娱乐,3.32,0.01,0.30
300044,赛为智能,6.05,-0.01,-0.17
300045,华力创通,7.58,0.40,5.57
300046,台基股份,11.07,-0.18,-1.60
300047,天源迪科,11.11,-0.11,-0.98
300048,合康新能,2.39,0.00,0.00
300049,福瑞股份,10.14,0.33,3.36
300050,世纪鼎利,6.21,0.24,4.02
300051,三五互联,5.89,0.02,0.34
300052,中青宝,10.10,0.70,7.45
300053,欧比特,8.16,0.27,3.42
300054,鼎龙股份,6.37,-0.14,-2.15
300055,万邦达,7.67,-0.14,-1.79
300056,三维丝,5.37,0.07,1.32
300057,万顺股份,6.16,0.00,0.00
300058,蓝色光标,4.34,-0.01,-0.23
300059,东方财富,12.10,0.19,1.60
300061,康旗股份,5.95,0.07,1.19
300062,中能电气,4.90,0.04,0.82
300063,天龙集团,3.33,-0.05,-1.48
300064,豫金刚石,4.46,0.02,0.45
300065,海兰信,10.22,-0.03,-0.29
300066,三川智慧,3.32,-0.02,-0.60
300067,安诺其,4.95,0.09,1.85
300068,南都电源,14.22,0.01,0.07
300069,金利华电,9.53,-0.57,-5.64
300070,碧水源,7.80,-0.10,-1.27
300071,华谊嘉信,3.59,0.07,1.99
300072,三聚环保,9.84,0.01,0.10
300073,当升科技,27.69,0.09,0.33
300074,华平股份,3.83,0.18,4.93
300075,数字政通,10.90,0.00,0.00
300076,GQY视讯,4.00,0.00,0.00
300077,国民技术,7.39,-0.17,-2.25
300078,思创医惠,9.94,-0.13,-1.29
300079,数码科技,3.29,-0.03,-0.90
300081,恒信东方,8.90,-0.03,-0.34
300082,奥克股份,6.00,0.25,4.35
300083,劲胜智能,2.36,-0.03,-1.26
300084,海默科技,4.78,-0.21,-4.21
300085,银之杰,7.96,-0.21,-2.57
300086,康芝药业,6.00,0.01,0.17
300087,荃银高科,10.26,0.07,0.69
300088,长信科技,4.15,-0.12,-2.81
300089,文化长城,5.31,-0.01,-0.19
300090,盛运环保,2.15,0.01,0.47
300091,金通灵,3.37,0.04,1.20
300092,科新机电,6.06,0.01,0.17
300093,金刚玻璃,6.11,-0.02,-0.33
300094,国联水产,5.09,-0.04,-0.78
300095,华伍股份,4.59,0.05,1.10
300096,易联众,8.26,0.14,1.72
300097,智云股份,11.17,0.15,1.36
300098,高新兴,6.76,0.36,5.63
300099,精准信息,4.09,0.05,1.24
300100,双林股份,10.19,0.13,1.29
300101,振芯科技,9.90,0.20,2.06
300102,乾照光电,5.83,0.10,1.75
300103,达刚路机,7.51,-0.07,-0.92
300104,乐视网,2.49,-0.01,-0.40
300105,龙源技术,3.74,0.00,0.00
300106,西部牧业,5.28,0.07,1.34
300107,建新股份,9.43,0.00,0.00
300108,吉药控股,5.00,-0.20,-3.85
300109,新开源,13.75,0.08,0.59
300110,华仁药业,3.21,0.00,0.00
300111,向日葵,2.01,0.03,1.52
300112,万讯自控,6.22,-0.15,-2.35
300113,顺网科技,12.71,-0.29,-2.23
300114,中航电测,7.12,-0.03,-0.42
300115,长盈精密,8.19,0.03,0.37
300116,坚瑞沃能,1.36,-0.06,-4.23
300117,嘉寓股份,4.16,0.09,2.21
300118,东方日升,5.69,-0.11,-1.90
300119,瑞普生物,7.51,0.27,3.73
300120,经纬辉开,6.07,0.11,1.85
300121,阳谷华泰,8.54,-0.12,-1.39
300122,智飞生物,38.76,0.83,2.19
300123,亚光科技,9.13,0.22,2.47
300124,汇川技术,20.14,0.15,0.75
300125,易世达,12.65,0.12,0.96
300126,锐奇股份,4.98,0.02,0.40
300127,银河磁体,10.75,-0.03,-0.28
300128,锦富技术,3.61,0.01,0.28
300129,泰胜风能,2.86,-0.03,-1.04
300130,新国都,11.32,-0.30,-2.58
300131,英唐智控,4.29,-0.12,-2.72
300132,青松股份,10.34,-0.44,-4.08
300133,华策影视,8.96,0.09,1.01
300134,大富科技,9.40,-0.12,-1.26
300135,宝利国际,2.66,0.00,0.00
300136,信维通信,21.61,-0.55,-2.48
300137,先河环保,8.15,0.06,0.74
300138,晨光生物,5.76,0.03,0.52
300139,晓程科技,7.38,-0.09,-1.20
300140,中环装备,9.20,-1.02,-9.98
300141,和顺电气,6.83,0.10,1.49
300142,沃森生物,19.10,0.23,1.22
300143,星普医科,9.09,0.17,1.91
300144,宋城演艺,21.35,0.47,2.25
300145,中金环境,3.25,-0.05,-1.52
300146,汤臣倍健,16.99,0.10,0.59
300147,香雪制药,6.14,-0.01,-0.16
300148,天舟文化,4.45,-0.07,-1.55
300149,量子生物,14.63,0.03,0.21
300150,世纪瑞尔,4.12,0.02,0.49
300151,昌红科技,5.27,0.02,0.38
300152,科融环境,2.61,-0.04,-1.51
300153,科泰电源,7.19,-0.33,-4.39
300154,瑞凌股份,4.80,0.08,1.69
300155,安居宝,4.23,-0.01,-0.24
300156,神雾环保,3.63,0.01,0.28
300157,恒泰艾普,4.15,-0.03,-0.72
300158,振东制药,3.81,0.01,0.26
300159,新研股份,4.61,-0.05,-1.07
300160,秀强股份,3.45,-0.09,-2.54
300161,华中数控,9.86,-0.06,-0.60
300162,雷曼股份,4.85,-0.06,-1.22
300163,先锋新材,3.30,-0.02,-0.60
300164,通源石油,6.22,-0.23,-3.57
300165,天瑞仪器,3.90,0.00,0.00
300166,东方国信,10.36,-0.09,-0.86
300167,迪威迅,5.17,-0.01,-0.19
300168,万达信息,11.99,0.13,1.10
300169,天晟新材,4.85,0.00,0.00
300170,汉得信息,9.78,-0.09,-0.91
300171,东富龙,7.01,0.09,1.30
300172,中电环保,5.22,-0.15,-2.79
300173,智慧松德,4.53,0.06,1.34
300174,元力股份,11.29,0.00,0.00
300175,朗源股份,4.15,0.13,3.23
300176,鸿特科技,37.88,0.39,1.04
300177,中海达,10.23,0.57,5.90
300178,腾邦国际,9.04,-0.15,-1.63
300179,四方达,4.03,0.16,4.13
300180,华峰超纤,11.15,0.05,0.45
300181,佐力药业,5.17,0.22,4.44
300182,捷成股份,4.29,0.08,1.90
300183,东软载波,11.77,-0.33,-2.73
300184,力源信息,7.61,0.16,2.15
300185,通裕重工,1.61,-0.01,-0.62
300187,永清环保,5.20,0.13,2.56
300188,美亚柏科,13.02,0.04,0.31
300189,神农基因,2.47,0.02,0.82
300190,维尔利,4.92,0.07,1.44
300191,潜能恒信,14.72,-0.48,-3.16
300192,科斯伍德,8.74,0.07,0.81
300193,佳士科技,7.18,0.10,1.41
300194,福安药业,3.21,-0.01,-0.31
300195,长荣股份,7.96,0.05,0.63
300196,长海股份,8.83,0.22,2.56
300197,铁汉生态,3.79,-0.20,-5.01
300198,纳川股份,2.84,-0.01,-0.35
300199,翰宇药业,9.34,-0.61,-6.13
300200,高盟新材,7.05,-0.13,-1.81
300201,海伦哲,4.04,0.01,0.25
300202,聚龙股份,6.44,0.09,1.42
300203,聚光科技,25.65,0.50,1.99
300204,舒泰神,11.08,0.25,2.31
300205,天喻信息,8.14,-0.08,-0.97
300206,理邦仪器,5.83,-0.11,-1.85
300207,欣旺达,8.59,0.15,1.78
300208,恒顺众昇,5.74,0.07,1.23
300209,天泽信息,10.81,0.06,0.56
300210,森远股份,4.26,0.04,0.95
300211,亿通科技,4.83,0.00,0.00
300212,易华录,20.72,-0.42,-1.99
300213,佳讯飞鸿,5.59,0.09,1.64
300214,日科化学,5.50,0.07,1.29
300215,电科院,5.30,-0.15,-2.75
300216,千山药机,3.83,-0.10,-2.54
300217,东方电热,2.33,0.01,0.43
300218,安利股份,6.09,-0.08,-1.30
300219,鸿利智汇,7.66,-0.05,-0.65
300220,金运激光,9.75,0.00,0.00
300221,银禧科技,5.15,0.11,2.18
300222,科大智能,15.50,0.54,3.61
300223,北京君正,18.25,0.19,1.05
300224,正海磁材,5.89,0.00,0.00
300225,金力泰,4.50,0.01,0.22
300226,上海钢联,45.53,0.63,1.40
300227,光韵达,9.49,0.06,0.64
300228,富瑞特装,4.84,-0.10,-2.02
300229,拓尔思,8.63,0.12,1.41
300230,永利股份,4.88,0.06,1.24
300231,银信科技,6.50,-0.06,-0.91
300232,洲明科技,9.54,0.30,3.25
300233,金城医药,13.65,0.41,3.10
300234,开尔新材,5.67,-0.15,-2.58
300235,方直科技,8.15,0.02,0.25
300236,上海新阳,24.81,2.26,10.02
300237,美晨生态,3.63,0.01,0.28
300238,冠昊生物,9.54,0.01,0.10
300239,东宝生物,3.70,0.05,1.37
300240,飞力达,7.40,-0.24,-3.14
300241,瑞丰光电,4.62,-0.14,-2.94
300242,佳云科技,4.30,0.09,2.14
300243,瑞丰高材,7.83,-0.03,-0.38
300244,迪安诊断,15.17,-0.15,-0.98
300245,天玑科技,8.58,0.00,0.00
300246,宝莱特,10.99,-0.07,-0.63
300247,乐金健康,3.43,-0.02,-0.58
300248,新开普,6.79,0.15,2.26
300249,依米康,6.70,-0.29,-4.15
300250,初灵信息,11.10,-0.24,-2.12
300251,光线传媒,7.60,-0.29,-3.68
300252,金信诺,10.90,-0.05,-0.46
300253,卫宁健康,12.46,0.16,1.30
300254,仟源医药,6.48,0.03,0.47
300255,常山药业,4.09,0.02,0.49
300256,星星科技,2.97,0.02,0.68
300257,开山股份,9.99,-0.09,-0.89
300258,精锻科技,12.23,0.06,0.49
300259,新天科技,2.76,-0.02,-0.72
300260,新莱应材,8.92,-0.01,-0.11
300261,雅本化学,5.14,0.20,4.05
300262,巴安水务,5.44,-0.12,-2.16
300263,隆华科技,4.00,0.06,1.52
300264,佳创视讯,4.61,-0.03,-0.65
300265,通光线缆,8.04,-0.83,-9.36
300266,兴源环境,3.53,0.03,0.86
300267,尔康制药,3.86,-0.01,-0.26
300268,佳沃股份,11.22,0.46,4.28
300269,联建光电,5.50,0.02,0.36
300270,中威电子,6.38,-0.22,-3.33
300271,华宇软件,15.01,-0.54,-3.47
300272,开能健康,6.58,-0.04,-0.60
300273,和佳股份,4.60,0.01,0.22
300274,阳光电源,8.92,-0.46,-4.90
300275,梅安森,7.54,-0.14,-1.82
300276,三丰智能,10.31,-0.07,-0.67
300277,海联讯,6.15,-0.02,-0.32
300278,华昌达,5.71,0.01,0.18
300279,和晶科技,4.90,-0.10,-2.00
300280,紫天科技,32.06,0.49,1.55
300281,金明精机,4.50,-0.03,-0.66
300282,三盛教育,12.00,0.32,2.74
300283,温州宏丰,4.45,-0.06,-1.33
300284,苏交科,10.37,0.23,2.27
300285,国瓷材料,16.67,-0.23,-1.36
300286,安科瑞,8.42,-0.09,-1.06
300287,飞利信,3.78,-0.14,-3.57
300288,朗玛信息,12.90,-0.32,-2.42
300289,利德曼,6.59,-0.20,-2.95
300290,荣科科技,5.90,-0.66,-10.06
300291,华录百纳,4.45,-0.07,-1.55
300292,吴通控股,3.82,-0.16,-4.02
300293,蓝英装备,6.80,-0.10,-1.45
300294,博雅生物,26.99,0.28,1.05
300295,三六五网,11.65,0.04,0.34
300296,利亚德,7.69,0.09,1.18
300297,蓝盾股份,5.00,0.00,0.00
300298,三诺生物,10.60,0.05,0.47
300299,富春股份,4.83,-0.14,-2.82
300300,汉鼎宇佑,11.20,0.20,1.82
300301,长方集团,3.64,-0.06,-1.62
300302,同有科技,7.43,-0.08,-1.07
300303,聚飞光电,2.43,0.00,0.00
300304,云意电气,3.42,0.06,1.79
300305,裕兴股份,7.92,0.20,2.59
300306,远方信息,7.17,-0.03,-0.42
300307,慈星股份,4.78,0.01,0.21
300308,中际旭创,40.69,-1.00,-2.40
300309,吉艾科技,8.06,0.32,4.13
300310,宜通世纪,5.07,-0.12,-2.31
300311,任子行,5.81,0.01,0.17
300312,邦讯技术,8.69,0.79,10.00
300313,天山生物,6.31,-0.24,-3.66
300314,戴维医疗,8.35,0.07,0.85
300315,掌趣科技,3.53,0.00,0.00
300316,晶盛机电,10.02,-0.16,-1.57
300317,珈伟新能,4.70,0.04,0.86
300318,博晖创新,3.98,0.13,3.38
300319,麦捷科技,5.78,-0.29,-4.78
300320,海达股份,4.39,0.00,0.00
300321,同大股份,12.65,0.00,0.00
300322,硕贝德,9.54,-0.18,-1.85
300323,华灿光电,7.23,0.01,0.14
300324,旋极信息,5.61,0.07,1.26
300325,德威新材,3.09,0.00,0.00
300326,凯利泰,8.50,0.23,2.78
300327,中颖电子,18.23,0.03,0.16
300328,宜安科技,6.14,0.08,1.32
300329,海伦钢琴,7.07,-0.01,-0.14
300330,华虹计通,6.99,0.11,1.60
300331,苏大维格,11.10,-0.18,-1.60
300332,天壕环境,3.69,-0.05,-1.34
300333,兆日科技,6.78,-0.06,-0.88
300334,津膜科技,7.65,0.10,1.32
300335,迪森股份,6.27,-0.18,-2.79
300336,新文化,4.40,-0.12,-2.65
300337,银邦股份,3.50,0.05,1.45
300338,开元股份,6.91,-0.29,-4.03
300339,润和软件,9.12,-0.07,-0.76
300340,科恒股份,14.03,-0.04,-0.28
300341,麦迪电气,4.70,0.18,3.98
300342,天银机电,7.08,0.05,0.71
300343,联创互联,6.68,0.08,1.21
300344,太空智造,7.00,0.05,0.72
300345,红宇新材,3.48,-0.10,-2.79
300346,南大光电,8.86,0.00,0.00
300347,泰格医药,42.75,-0.50,-1.16
300348,长亮科技,16.43,-0.51,-3.01
300349,金卡智能,16.10,-0.38,-2.31
300350,华鹏飞,5.67,-0.01,-0.18
300351,永贵电器,8.19,-0.05,-0.61
300352,北信源,3.29,0.11,3.46
300353,东土科技,8.73,0.19,2.22
300354,东华测试,8.15,0.08,0.99
300355,蒙草生态,3.89,-0.01,-0.26
300356,光一科技,5.78,0.02,0.35
300357,我武生物,36.99,1.62,4.58
300358,楚天科技,7.72,-0.06,-0.77
300359,全通教育,5.85,-0.01,-0.17
300360,炬华科技,6.55,0.07,1.08
300362,天翔环境,5.23,-0.35,-6.27
300363,博腾股份,8.86,-0.08,-0.89
300364,中文在线,4.84,-0.07,-1.43
300365,恒华科技,20.90,0.51,2.50
300366,创意信息,7.32,-0.21,-2.79
300367,东方网力,8.87,0.07,0.80
300368,汇金股份,5.67,-0.02,-0.35
300369,绿盟科技,8.66,0.16,1.88
300370,安控科技,2.64,0.04,1.54
300371,汇中股份,12.37,-0.17,-1.36
300373,扬杰科技,14.44,-0.43,-2.89
300374,恒通科技,9.70,0.00,0.00
300375,鹏翎股份,5.41,-0.04,-0.73
300376,易事特,4.21,0.03,0.72
300377,赢时胜,11.04,-0.25,-2.21
300378,鼎捷软件,9.79,-0.12,-1.21
300379,东方通,14.05,0.22,1.59
300380,安硕信息,15.51,0.04,0.26
300381,溢多利,8.24,0.04,0.49
300382,斯莱克,5.51,0.01,0.18
300383,光环新网,12.67,0.00,0.00
300384,三联虹普,11.84,0.22,1.89
300385,雪浪环境,14.11,0.01,0.07
300386,飞天诚信,10.09,-0.02,-0.20
300387,富邦股份,5.63,-0.05,-0.88
300388,国祯环保,8.85,0.18,2.08
300389,艾比森,15.63,0.04,0.26
300390,天华超净,7.34,0.05,0.69
300391,康跃科技,9.72,-0.03,-0.31
300392,腾信股份,7.87,0.25,3.28
300393,中来股份,15.08,-0.22,-1.44
300394,天孚通信,24.17,-0.48,-1.95
300395,菲利华,14.35,0.52,3.76
300396,迪瑞医疗,11.88,-0.26,-2.14
300397,天和防务,9.43,-0.07,-0.74
300398,飞凯材料,15.70,0.17,1.09
300399,京天利,8.75,0.03,0.34
300400,劲拓股份,14.90,0.39,2.69
300401,花园生物,12.12,-0.02,-0.16
300402,宝色股份,7.70,-0.02,-0.26
300403,汉宇集团,5.02,0.07,1.41
300404,博济医药,11.40,-0.32,-2.73
300405,科隆股份,7.52,-0.03,-0.40
300406,九强生物,9.83,-0.07,-0.71
300407,凯发电气,7.51,-0.11,-1.44
300408,三环集团,16.92,0.00,0.00
300409,道氏技术,13.11,-0.29,-2.16
300410,正业科技,22.55,0.27,1.21
300411,金盾股份,7.60,0.02,0.26
300412,迦南科技,6.52,-0.01,-0.15
300413,芒果超媒,37.01,0.01,0.03
300414,中光防雷,15.27,-0.51,-3.23
300415,伊之密,6.06,0.01,0.17
300416,苏试试验,18.50,0.14,0.76
300417,南华仪器,15.10,-0.08,-0.53
300418,昆仑万维,12.86,-0.04,-0.31
300419,浩丰科技,5.19,-0.06,-1.14
300420,五洋停车,4.98,-0.04,-0.80
300421,力星股份,12.65,-0.02,-0.16
300422,博世科,9.91,0.05,0.51
300423,鲁亿通,17.63,-0.20,-1.12
300424,航新科技,13.94,-0.22,-1.55
300425,环能科技,4.44,0.03,0.68
300426,唐德影视,6.82,-0.01,-0.15
300427,红相股份,11.04,0.03,0.27
300428,四通新材,11.02,0.30,2.80
300429,强力新材,31.20,0.70,2.30
300430,诚益通,8.16,-0.03,-0.37
300431,暴风集团,8.34,-0.21,-2.46
300432,富临精工,5.76,-0.13,-2.21
300433,蓝思科技,6.51,-0.25,-3.70
300434,金石东方,8.80,0.04,0.46
300435,中泰股份,9.85,0.21,2.18
300436,广生堂,24.25,-0.55,-2.22
300437,清水源,11.68,-0.04,-0.34
300438,鹏辉能源,16.16,-0.28,-1.70
300439,美康生物,13.36,-0.04,-0.30
300440,运达科技,5.67,0.12,2.16
300441,鲍斯股份,6.78,-0.07,-1.02
300442,普丽盛,12.67,-0.12,-0.94
300443,金雷风电,10.90,-0.17,-1.54
300444,双杰电气,6.57,-0.10,-1.50
300445,康斯特,9.75,-0.09,-0.91
300446,乐凯新材,15.34,-0.16,-1.03
300447,全信股份,9.28,0.06,0.65
300448,浩云科技,10.34,-0.01,-0.10
300449,汉邦高科,15.42,0.01,0.06
300450,先导智能,28.94,-0.46,-1.56
300451,创业软件,19.15,0.22,1.16
300452,山河药辅,13.68,0.45,3.40
300453,三鑫医疗,11.02,-0.18,-1.61
300454,深信服,89.60,2.05,2.34
300456,耐威科技,22.12,-0.03,-0.14
300457,赢合科技,27.85,-0.08,-0.29
300458,全志科技,20.00,0.10,0.50
300459,金科文化,7.35,0.09,1.24
300460,惠伦晶体,8.37,0.01,0.12
300461,田中精机,17.82,-0.52,-2.84
300462,华铭智能,15.30,-0.35,-2.24
300463,迈克生物,14.60,0.11,0.76
300464,星徽精密,7.80,-0.58,-6.92
300465,高伟达,6.01,-0.03,-0.50
300466,赛摩电气,5.12,-0.25,-4.66
300467,迅游科技,22.93,-0.17,-0.74
300468,四方精创,12.05,-0.10,-0.82
300469,信息发展,19.17,0.71,3.85
300470,日机密封,22.25,0.65,3.01
300471,厚普股份,5.44,0.02,0.37
300472,新元科技,13.61,-0.01,-0.07
300473,德尔股份,33.69,0.36,1.08
300474,景嘉微,36.16,-0.38,-1.04
300475,聚隆科技,8.19,-0.08,-0.97
300476,胜宏科技,11.70,0.14,1.21
300477,合纵科技,9.06,0.00,0.00
300478,杭州高新,14.20,0.00,0.00
300479,神思电子,13.00,0.42,3.34
300480,光力科技,9.14,-0.09,-0.98
300481,濮阳惠成,10.74,-0.26,-2.36
300482,万孚生物,25.41,-0.43,-1.66
300483,沃施股份,30.82,-1.42,-4.40
300484,蓝海华腾,11.19,0.47,4.38
300485,赛升药业,9.81,0.08,0.82
300486,东杰智能,13.33,0.25,1.91
300487,蓝晓科技,24.63,0.21,0.86
300488,恒锋工具,24.61,-0.06,-0.24
300489,中飞股份,11.68,0.02,0.17
300490,华自科技,13.10,-0.16,-1.21
300491,通合科技,15.59,0.01,0.06
300492,山鼎设计,19.19,0.17,0.89
300493,润欣科技,9.12,-0.04,-0.44
300494,盛天网络,9.96,0.13,1.32
300495,美尚生态,13.20,0.04,0.30
300496,中科创达,22.10,-0.46,-2.04
300497,富祥股份,18.16,-0.01,-0.06
300498,温氏股份,26.18,0.30,1.16
300499,高澜股份,14.54,-0.91,-5.89
300500,启迪设计,22.28,0.20,0.91
300501,海顺新材,16.69,-0.34,-2.00
300502,新易盛,19.65,0.17,0.87
300503,昊志机电,8.90,-0.11,-1.22
300504,天邑股份,25.76,0.38,1.50
300505,川金诺,22.27,-1.17,-4.99
300506,名家汇,14.40,-0.24,-1.64
300507,苏奥传感,17.09,0.06,0.35
300508,维宏股份,24.56,-0.44,-1.76
300509,新美星,12.20,-0.20,-1.61
300510,金冠股份,9.29,-0.23,-2.42
300511,雪榕生物,5.97,-0.04,-0.67
300512,中亚股份,12.00,-0.04,-0.33
300513,恒泰实达,22.75,-0.13,-0.57
300514,友讯达,12.42,-0.70,-5.34
300515,三德科技,8.69,0.03,0.35
300516,久之洋,27.52,-0.13,-0.47
300517,海波重科,13.20,-0.02,-0.15
300518,盛讯达,23.20,0.80,3.57
300519,新光药业,13.83,0.40,2.98
300520,科大国创,14.99,-0.12,-0.79
300521,爱司凯,8.78,0.01,0.11
300522,世名科技,17.04,0.00,0.00
300523,辰安科技,59.50,2.20,3.84
300525,博思软件,23.74,-0.06,-0.25
300526,中潜股份,11.21,0.05,0.45
300527,中国应急,6.60,-0.05,-0.75
300528,幸福蓝海,8.40,-0.03,-0.36
300529,健帆生物,41.50,0.98,2.42
300530,达志科技,30.66,-0.56,-1.79
300531,优博讯,16.77,-0.15,-0.89
300532,今天国际,10.04,-0.14,-1.38
300533,冰川网络,31.59,0.09,0.29
300534,陇神戎发,5.72,-0.11,-1.89
300535,达威股份,12.87,0.13,1.02
300536,农尚环境,8.58,-0.20,-2.28
300537,广信材料,9.19,0.03,0.33
300538,同益股份,21.10,-1.60,-7.05
300539,横河模具,8.08,0.38,4.94
300540,深冷股份,12.17,-0.05,-0.41
300541,先进数通,13.68,0.03,0.22
300542,新晨科技,13.84,0.06,0.44
300543,朗科智能,16.93,-0.47,-2.70
300545,联得装备,20.69,1.88,9.99
300546,雄帝科技,25.90,-0.16,-0.61
300547,川环科技,16.33,0.13,0.80
300548,博创科技,36.85,0.60,1.66
300549,优德精密,11.39,-0.28,-2.40
300550,和仁科技,52.28,0.30,0.58
300551,古鳌科技,11.28,-0.93,-7.62
300552,万集科技,14.40,-0.22,-1.50
300553,集智股份,32.59,0.07,0.22
300554,三超新材,18.65,-0.11,-0.59
300555,路通视信,8.04,0.02,0.25
300556,丝路视觉,15.97,-0.05,-0.31
300557,理工光科,22.25,-0.26,-1.16
300558,贝达药业,31.97,0.75,2.40
300559,佳发教育,34.45,-0.39,-1.12
300560,中富通,20.38,-1.01,-4.72
300561,汇金科技,13.06,-0.07,-0.53
300562,乐心医疗,9.85,-0.16,-1.60
300563,神宇股份,24.58,-0.72,-2.85
300565,科信技术,14.58,-0.27,-1.82
300566,激智科技,13.20,0.03,0.23
300567,精测电子,50.48,0.33,0.66
300568,星源材质,22.19,-0.62,-2.72
300569,天能重工,12.85,0.04,0.31
300570,太辰光,18.36,-0.10,-0.54
300571,平治信息,43.98,1.98,4.71
300572,安车检测,43.35,0.83,1.95
300573,兴齐眼药,16.81,-0.26,-1.52
300575,中旗股份,42.80,0.10,0.23
300576,容大感光,13.93,0.03,0.22
300577,开润股份,31.18,0.32,1.04
300578,会畅通讯,17.05,0.47,2.83
300579,数字认证,22.74,0.06,0.26
300580,贝斯特,13.00,0.00,0.00
300581,晨曦航空,12.14,0.16,1.34
300582,英飞特,10.01,0.05,0.50
300583,赛托生物,33.15,0.05,0.15
300584,海辰药业,24.14,0.39,1.64
300585,奥联电子,8.84,0.00,0.00
300586,美联新材,10.35,-0.53,-4.87
300587,天铁股份,17.33,0.38,2.24
300588,熙菱信息,10.86,0.16,1.50
300589,江龙船艇,11.00,0.02,0.18
300590,移为通信,24.78,-0.22,-0.88
300591,万里马,5.76,-0.05,-0.86
300592,华凯创意,9.03,-0.05,-0.55
300593,新雷能,16.30,-0.09,-0.55
300595,欧普康视,38.74,0.97,2.57
300596,利安隆,31.00,0.20,0.65
300597,吉大通信,14.62,-0.08,-0.54
300598,诚迈科技,21.77,-0.17,-0.77
300599,雄塑科技,10.11,0.11,1.10
300600,瑞特股份,16.13,0.23,1.45
300601,康泰生物,35.78,-0.22,-0.61
300602,飞荣达,33.41,0.05,0.15
300603,立昂技术,23.86,-0.28,-1.16
300604,长川科技,30.60,0.58,1.93
300605,恒锋信息,15.00,0.00,0.00
300606,金太阳,18.07,0.21,1.18
300607,拓斯达,30.75,-0.77,-2.44
300608,思特奇,17.37,0.01,0.06
300609,汇纳科技,27.13,-0.77,-2.76
300610,晨化股份,12.77,0.66,5.45
300611,美力科技,8.52,-0.03,-0.35
300612,宣亚国际,14.92,-0.30,-1.97
300613,富瀚微,89.98,-0.42,-0.46
300615,欣天科技,17.38,0.39,2.30
300616,尚品宅配,60.77,-1.23,-1.98
300617,安靠智电,21.81,-2.42,-9.99
300618,寒锐钴业,74.08,1.28,1.76
300619,金银河,27.50,1.00,3.77
300620,光库科技,44.05,0.71,1.64
300621,维业股份,9.60,-0.16,-1.64
300622,博士眼镜,16.59,-0.01,-0.06
300623,捷捷微电,23.48,-0.61,-2.53
300624,万兴科技,54.06,-2.18,-3.88
300625,三雄极光,14.07,0.19,1.37
300626,华瑞股份,8.84,-0.30,-3.28
300627,华测导航,17.24,0.59,3.54
300628,亿联网络,77.66,0.00,0.00
300629,新劲刚,15.39,-0.18,-1.16
300630,普利制药,44.06,0.08,0.18
300631,久吾高科,14.95,-0.10,-0.66
300632,光莆股份,14.24,0.61,4.48
300633,开立医疗,27.55,0.20,0.73
300634,彩讯股份,23.87,-0.93,-3.75
300635,达安股份,19.14,1.74,10.00
300636,同和药业,17.83,0.03,0.17
300637,扬帆新材,24.63,0.49,2.03
300638,广和通,27.59,-0.21,-0.76
300639,凯普生物,14.69,0.54,3.82
300640,德艺文创,9.53,-0.15,-1.55
300641,正丹股份,4.96,0.03,0.61
300642,透景生命,37.86,0.17,0.45
300643,万通智控,10.64,0.14,1.33
300644,南京聚隆,35.40,-1.55,-4.19
300645,正元智慧,31.17,0.29,0.94
300647,超频三,14.59,-0.62,-4.08
300648,星云股份,16.43,0.05,0.31
300649,杭州园林,24.32,0.29,1.21
300650,太龙照明,13.46,-0.04,-0.30
300651,金陵体育,43.38,1.69,4.05
300652,雷迪克,19.17,-0.56,-2.84
300653,正海生物,46.27,0.77,1.69
300654,世纪天鸿,13.92,-0.11,-0.78
300655,晶瑞股份,13.54,-0.08,-0.59
300656,民德电子,20.65,-0.07,-0.34
300657,弘信电子,29.10,0.34,1.18
300658,延江股份,11.31,-0.06,-0.53
300659,中孚信息,19.79,-0.14,-0.70
300660,江苏雷利,19.22,0.14,0.73
300661,圣邦股份,68.60,1.00,1.48
300662,科锐国际,26.60,0.35,1.33
300663,科蓝软件,13.85,-0.05,-0.36
300664,鹏鹞环保,12.00,-0.37,-2.99
300665,飞鹿股份,9.59,0.03,0.31
300666,江丰电子,41.32,0.29,0.71
300667,必创科技,26.59,-0.66,-2.42
300668,杰恩设计,18.03,0.45,2.56
300669,沪宁股份,18.24,0.02,0.11
300670,大烨智能,16.40,-0.95,-5.48
300671,富满电子,17.14,-0.38,-2.17
300672,国科微,36.31,-1.49,-3.94
300673,佩蒂股份,42.30,0.90,2.17
300674,宇信科技,26.25,-2.26,-7.93
300675,建科院,25.67,1.07,4.35
300676,华大基因,60.00,3.20,5.63
300677,英科医疗,14.71,-0.33,-2.19
300678,中科信息,18.82,-0.18,-0.95
300679,电连技术,27.27,-0.32,-1.16
300680,隆盛科技,17.02,-0.86,-4.81
300681,英搏尔,34.59,-0.73,-2.07
300682,朗新科技,16.35,0.13,0.80
300683,海特生物,27.25,-0.19,-0.69
300684,中石科技,30.77,0.43,1.42
300685,艾德生物,40.91,-0.29,-0.70
300686,智动力,11.03,-0.37,-3.25
300687,赛意信息,20.02,-1.28,-6.01
300688,创业黑马,39.90,-1.22,-2.97
300689,澄天伟业,31.55,-0.19,-0.60
300690,双一科技,18.20,-0.90,-4.71
300691,联合光电,22.26,-0.06,-0.27
300692,中环环保,13.15,-0.01,-0.08
300693,盛弘股份,14.87,-0.83,-5.29
300694,蠡湖股份,18.51,-1.22,-6.18
300695,兆丰股份,56.40,-0.39,-0.69
300696,爱乐达,22.30,-0.03,-0.13
300697,电工合金,11.02,-0.19,-1.69
300698,万马科技,18.23,-0.54,-2.88
300699,光威复材,35.80,0.79,2.26
300700,岱勒新材,24.98,-0.82,-3.18
300701,森霸传感,31.11,-1.46,-4.48
300702,天宇股份,21.85,0.81,3.85
300703,创源文化,14.66,-0.67,-4.37
300705,九典制药,11.73,0.03,0.26
300706,阿石创,24.14,-0.44,-1.79
300707,威唐工业,16.66,-0.02,-0.12
300708,聚灿光电,10.75,-0.94,-8.04
300709,精研科技,26.39,-0.23,-0.86
300710,万隆光电,23.06,-0.21,-0.90
300711,广哈通信,19.64,1.79,10.03
300712,永福股份,14.62,0.14,0.97
300713,英可瑞,21.55,-0.65,-2.93
300715,凯伦股份,18.01,-0.07,-0.39
300716,国立科技,11.25,-0.11,-0.97
300717,华信新材,14.34,-0.17,-1.17
300718,长盛轴承,14.49,-0.17,-1.16
300719,安达维尔,10.28,0.00,0.00
300720,海川智能,25.47,-0.34,-1.32
300721,怡达股份,20.08,-0.24,-1.18
300722,新余国科,30.84,-0.31,-1.00
300723,一品红,26.69,0.30,1.14
300724,捷佳伟创,28.48,0.24,0.85
300725,药石科技,53.83,0.95,1.80
300726,宏达电子,18.08,-0.01,-0.06
300727,润禾材料,19.70,-0.53,-2.62
300729,乐歌股份,22.40,-0.21,-0.93
300730,科创信息,17.85,-0.15,-0.83
300731,科创新源,26.25,0.01,0.04
300732,设研院,33.60,-0.03,-0.09
300733,西菱动力,15.90,-0.64,-3.87
300735,光弘科技,15.98,-0.12,-0.75
300736,百邦科技,22.32,-1.32,-5.58
300737,科顺股份,8.78,0.09,1.04
300738,奥飞数据,40.55,-1.22,-2.92
300739,明阳电路,21.10,-1.24,-5.55
300740,御家汇,18.10,-0.43,-2.32
300741,华宝股份,31.07,0.74,2.44
300742,越博动力,39.28,-2.67,-6.36
300743,天地数码,41.10,-0.76,-1.82
300745,欣锐科技,36.21,-1.78,-4.69
300746,汉嘉设计,18.36,-0.92,-4.77
300747,锐科激光,137.60,-1.40,-1.01
300748,金力永磁,21.71,-1.26,-5.49
300749,顶固集创,22.44,-0.74,-3.19
300750,宁德时代,73.80,-1.98,-2.61
300751,迈为股份,119.72,2.97,2.54
300752,隆利科技,56.99,-2.86,-4.78
300753,爱朋医疗,40.12,-0.17,-0.42
300756,N金马,77.56,23.70,44.00
300760,迈瑞医疗,109.22,1.71,1.59
600000,浦发银行,9.80,0.14,1.45
600004,白云机场,10.05,0.18,1.82
600006,东风汽车,3.60,0.03,0.84
600007,中国国贸,12.80,-0.01,-0.08
600008,首创股份,3.43,0.01,0.29
600009,上海机场,50.76,-0.77,-1.49
600010,包钢股份,1.48,0.01,0.68
600011,华能国际,7.38,0.02,0.27
600012,皖通高速,6.03,0.09,1.52
600015,华夏银行,7.39,0.10,1.37
600016,民生银行,5.73,0.08,1.42
600017,日照港,2.76,0.00,0.00
600018,上港集团,5.18,0.11,2.17
600019,宝钢股份,6.50,0.07,1.09
600020,中原高速,3.67,-0.08,-2.13
600021,上海电力,8.10,0.30,3.85
600022,山东钢铁,1.57,-0.01,-0.63
600023,浙能电力,4.73,0.05,1.07
600025,华能水电,3.15,0.05,1.61
600026,中远海能,4.44,0.00,0.00
600027,华电国际,4.75,0.09,1.93
600028,中国石化,5.05,-0.20,-3.81
600029,南方航空,6.64,0.00,0.00
600031,三一重工,8.34,-0.06,-0.71
600033,福建高速,2.97,0.02,0.68
600035,楚天高速,2.95,-0.01,-0.34
600036,招商银行,25.20,0.35,1.41
600037,歌华有线,8.59,0.02,0.23
600038,中直股份,37.36,-0.88,-2.30
600039,四川路桥,3.28,0.02,0.61
600048,保利地产,11.79,0.04,0.34
600050,中国联通,5.17,0.03,0.58
600051,宁波联合,5.39,0.01,0.19
600052,浙江广厦,2.88,-0.02,-0.69
600053,九鼎投资,23.54,0.46,1.99
600054,黄山旅游,9.38,-0.06,-0.64
600055,万东医疗,8.68,-0.02,-0.23
600056,中国医药,12.57,0.09,0.72
600057,厦门象屿,4.18,0.04,0.97
600058,五矿发展,6.51,-0.11,-1.66
600059,古越龙山,6.60,0.05,0.76
600060,海信电器,8.68,-0.01,-0.12
600061,国投资本,8.99,0.34,3.93
600062,华润双鹤,12.09,-0.01,-0.08
600063,皖维高新,2.33,0.00,0.00
600064,南京高科,7.88,0.11,1.42
600066,宇通客车,11.85,-0.09,-0.75
600067,冠城大通,3.72,-0.03,-0.80
600068,葛洲坝,6.32,0.06,0.96
600069,银鸽投资,2.91,0.01,0.34
600070,浙江富润,6.52,0.32,5.16
600071,凤凰光学,7.48,0.21,2.89
600072,中船科技,6.97,0.08,1.16
600073,上海梅林,7.45,0.20,2.76
600074,*ST保千,1.20,0.05,4.35
600075,新疆天业,4.52,-0.11,-2.38
600076,康欣新材,4.10,-0.17,-3.98
600077,宋都股份,2.58,-0.02,-0.77
600078,澄星股份,3.17,-0.02,-0.63
600079,人福医药,10.14,-0.01,-0.10
600080,金花股份,7.16,-0.07,-0.97
600081,东风科技,7.23,-0.06,-0.82
600082,海泰发展,4.49,-0.01,-0.22
600083,博信股份,18.00,0.95,5.57
600084,中葡股份,2.94,-0.03,-1.01
600085,同仁堂,27.50,0.20,0.73
600086,东方金钰,4.61,-0.05,-1.07
600088,中视传媒,8.33,0.00,0.00
600089,特变电工,6.79,-0.05,-0.73
600090,同济堂,5.44,0.00,0.00
600091,ST明科,3.80,0.02,0.53
600093,易见股份,7.58,0.06,0.80
600094,大名城,3.65,-0.08,-2.14
600095,哈高科,3.73,0.05,1.36
600096,云天化,5.01,0.17,3.51
600097,开创国际,10.29,-0.15,-1.44
600098,广州发展,5.66,-0.08,-1.39
600099,林海股份,5.67,-0.04,-0.70
600100,同方股份,9.73,0.03,0.31
600101,明星电力,6.65,0.02,0.30
600103,青山纸业,2.56,0.01,0.39
600104,上汽集团,26.67,-0.49,-1.80
600105,永鼎股份,3.86,-0.13,-3.26
600106,重庆路桥,3.03,0.02,0.66
600107,美尔雅,5.67,-0.13,-2.24
600108,亚盛集团,2.64,0.02,0.76
600109,国金证券,7.16,0.16,2.29
600110,诺德股份,4.06,0.01,0.25
600111,北方稀土,8.77,0.01,0.11
600112,天成控股,3.86,-0.09,-2.28
600113,浙江东日,7.13,-0.21,-2.86
600114,东睦股份,6.27,0.05,0.80
600115,东方航空,4.75,-0.03,-0.63
600116,三峡水利,7.32,-0.10,-1.35
600117,西宁特钢,3.39,-0.01,-0.29
600118,中国卫星,17.32,0.46,2.73
600119,长江投资,7.33,-0.09,-1.21
600120,浙江东方,12.56,-0.17,-1.34
600121,郑州煤电,2.90,0.01,0.35
600122,宏图高科,3.63,0.06,1.68
600123,兰花科创,6.52,0.02,0.31
600125,铁龙物流,7.00,0.00,0.00
600126,杭钢股份,4.51,0.12,2.73
600127,金健米业,2.85,0.05,1.79
600128,弘业股份,7.92,-0.20,-2.46
600129,太极集团,8.35,-0.17,-2.00
600130,波导股份,3.53,0.03,0.86
600131,岷江水电,6.10,-0.01,-0.16
600132,重庆啤酒,30.73,-0.66,-2.10
600133,东湖高新,6.30,0.07,1.12
600135,乐凯胶片,5.63,0.00,0.00
600136,当代明诚,8.17,0.21,2.64
600137,浪莎股份,12.75,0.17,1.35
600138,中青旅,12.89,-0.15,-1.15
600139,西部资源,3.03,0.03,1.00
600141,兴发集团,10.29,-0.15,-1.44
600143,金发科技,4.95,0.19,3.99
600146,商赢环球,6.58,0.09,1.39
600148,长春一东,14.11,-0.05,-0.35
600149,ST坊展,4.77,0.17,3.70
600150,*ST船舶,13.13,0.21,1.63
600151,航天机电,3.96,0.09,2.33
600152,维科技术,5.76,0.04,0.70
600153,建发股份,7.05,-0.05,-0.70
600155,华创阳安,7.53,0.19,2.59
600156,华升股份,4.09,0.07,1.74
600157,永泰能源,1.34,-0.06,-4.29
600158,中体产业,8.89,0.21,2.42
600159,大龙地产,2.41,0.04,1.69
600160,巨化股份,6.63,0.06,0.91
600161,天坛生物,21.25,0.15,0.71
600162,香江控股,2.18,0.05,2.35
600163,中闽能源,3.18,0.08,2.58
600165,新日恒力,4.87,-0.46,-8.63
600166,福田汽车,1.82,0.02,1.11
600167,联美控股,9.04,0.24,2.73
600168,武汉控股,5.75,0.00,0.00
600169,太原重工,2.23,-0.03,-1.33
600170,上海建工,3.03,-0.02,-0.66
600171,上海贝岭,9.34,0.25,2.75
600172,黄河旋风,3.05,0.00,0.00
600173,卧龙地产,3.77,-0.04,-1.05
600175,美都能源,2.20,0.05,2.33
600176,中国巨石,9.67,0.07,0.73
600177,雅戈尔,7.19,0.01,0.14
600178,东安动力,4.20,-0.06,-1.41
600179,安通控股,6.65,0.08,1.22
600180,瑞茂通,7.05,-0.02,-0.28
600182,S佳通,14.79,-0.19,-1.27
600183,生益科技,10.06,-0.12,-1.18
600184,光电股份,9.77,0.17,1.77
600185,格力地产,4.05,0.05,1.25
600186,莲花健康,1.89,0.02,1.07
600187,国中水务,2.47,0.00,0.00
600188,兖州煤业,8.78,0.03,0.34
600189,吉林森工,3.73,0.04,1.08
600190,锦州港,2.67,-0.01,-0.37
600191,华资实业,3.94,0.09,2.34
600192,长城电工,4.23,-0.06,-1.40
600193,*ST创兴,3.14,0.15,5.02
600195,中牧股份,10.64,0.05,0.47
600196,复星医药,23.27,-0.09,-0.39
600197,伊力特,13.03,0.33,2.60
600198,*ST大唐,6.75,0.06,0.90
600199,金种子酒,4.57,0.02,0.44
600200,江苏吴中,5.92,-0.02,-0.34
600201,生物股份,16.60,0.15,0.91
600202,*ST哈空,3.29,-0.01,-0.30
600203,福日电子,4.35,-0.16,-3.55
600206,有研新材,6.53,0.08,1.24
600207,安彩高科,4.34,0.00,0.00
600208,新湖中宝,2.90,0.04,1.40
600209,*ST罗顿,3.88,0.15,4.02
600210,紫江企业,3.64,-0.03,-0.82
600211,西藏药业,29.51,0.40,1.37
600212,江泉实业,3.90,-0.27,-6.47
600213,亚星客车,6.00,0.05,0.84
600215,长春经开,6.74,0.08,1.20
600216,浙江医药,8.68,-0.06,-0.69
600217,中再资环,4.09,0.04,0.99
600218,全柴动力,4.50,-0.07,-1.53
600219,南山铝业,2.11,0.00,0.00
600220,江苏阳光,2.10,0.01,0.48
600221,海航控股,1.88,0.02,1.08
600222,太龙药业,3.40,0.01,0.29
600223,鲁商置业,3.08,-0.01,-0.32
600225,天津松江,3.42,-0.17,-4.74
600226,瀚叶股份,2.80,0.00,0.00
600227,圣济堂,2.76,0.01,0.36
600228,ST昌九,8.44,0.12,1.44
600229,城市传媒,6.72,0.05,0.75
600230,沧州大化,16.15,0.08,0.50
600231,凌钢股份,2.67,-0.04,-1.48
600232,金鹰股份,5.00,0.19,3.95
600233,圆通速递,10.00,-0.04,-0.40
600234,ST山水,7.89,0.04,0.51
600235,民丰特纸,6.18,-0.21,-3.29
600236,桂冠电力,5.62,0.08,1.44
600237,铜峰电子,3.29,0.01,0.30
600238,*ST椰岛,4.73,0.05,1.07
600239,云南城投,2.88,-0.05,-1.71
600240,华业资本,2.59,0.03,1.17
600241,时代万恒,5.74,-0.08,-1.37
600242,中昌数据,16.16,0.21,1.32
600243,青海华鼎,3.87,-0.07,-1.78
600246,万通地产,3.34,0.00,0.00
600247,*ST成城,4.67,-0.03,-0.64
600248,延长化建,3.91,-0.02,-0.51
600249,两面针,3.62,-0.02,-0.55
600250,南纺股份,7.93,-0.14,-1.73
600251,冠农股份,4.94,-0.01,-0.20
600252,中恒集团,2.57,0.02,0.78
600255,梦舟股份,1.80,0.03,1.69
600256,广汇能源,3.76,0.00,0.00
600257,大湖股份,4.18,0.00,0.00
600258,首旅酒店,15.96,-0.13,-0.81
600259,广晟有色,22.36,0.19,0.86
600260,凯乐科技,16.97,-0.33,-1.91
600261,阳光照明,3.41,0.01,0.29
600262,北方股份,17.35,0.08,0.46
600265,ST景谷,26.96,0.36,1.35
600266,北京城建,7.92,0.03,0.38
600267,海正药业,8.39,0.09,1.08
600268,国电南自,4.24,0.07,1.68
600269,赣粤高速,3.90,0.03,0.78
600271,航天信息,22.89,-0.61,-2.60
600272,开开实业,7.10,-0.10,-1.39
600273,嘉化能源,8.99,0.10,1.12
600275,ST昌鱼,2.76,-0.02,-0.72
600276,恒瑞医药,52.75,1.25,2.43
600277,亿利洁能,5.66,0.22,4.04
600278,东方创业,8.15,0.13,1.62
600279,重庆港九,3.91,0.00,0.00
600280,中央商场,3.25,0.02,0.62
600281,太化股份,3.58,0.02,0.56
600282,南钢股份,3.42,-0.01,-0.29
600283,钱江水利,11.20,0.14,1.27
600284,浦东建设,4.96,0.01,0.20
600285,羚锐制药,7.52,0.13,1.76
600287,江苏舜天,4.85,0.02,0.41
600288,大恒科技,6.90,-0.06,-0.86
600289,*ST信通,2.50,0.06,2.46
600290,华仪电气,4.64,-0.14,-2.93
600291,西水股份,10.29,0.10,0.98
600292,远达环保,4.93,0.08,1.65
600293,三峡新材,3.91,0.00,0.00
600295,鄂尔多斯,7.50,0.02,0.27
600297,广汇汽车,4.06,0.02,0.50
600298,安琪酵母,25.23,0.33,1.33
600299,安迪苏,11.48,0.30,2.68
600300,维维股份,2.82,0.03,1.08
600301,ST南化,6.08,0.29,5.01
600302,标准股份,4.38,-0.01,-0.23
600303,曙光股份,3.91,-0.01,-0.26
600305,恒顺醋业,10.40,0.04,0.39
600306,商业城,6.36,-0.12,-1.85
600307,酒钢宏兴,1.91,0.01,0.53
600308,华泰股份,4.35,0.04,0.93
600309,万华化学,27.99,-0.38,-1.34
600310,桂东电力,3.60,0.07,1.98
600311,荣华实业,3.78,-0.04,-1.05
600312,平高电气,8.08,0.28,3.59
600313,农发种业,2.20,0.03,1.38
600315,上海家化,27.30,0.00,0.00
600316,洪都航空,9.89,0.07,0.71
600317,营口港,2.26,0.00,0.00
600318,新力金融,7.12,0.11,1.57
600319,亚星化学,4.60,-0.25,-5.15
600320,振华重工,3.17,0.01,0.32
600321,*ST正源,1.77,0.01,0.57
600322,天房发展,3.25,-0.01,-0.31
600323,瀚蓝环境,14.03,0.11,0.79
600325,华发股份,6.20,-0.06,-0.96
600326,西藏天路,6.48,0.06,0.93
600327,大东方,4.12,0.00,0.00
600328,兰太实业,6.85,-0.02,-0.29
600329,中新药业,12.44,-0.35,-2.74
600330,天通股份,5.51,-0.04,-0.72
600331,宏达股份,2.02,0.01,0.50
600332,白云山,35.76,1.20,3.47
600333,长春燃气,5.59,-0.18,-3.12
600335,国机汽车,6.24,0.02,0.32
600336,澳柯玛,3.37,-0.01,-0.30
600337,美克家居,3.95,-0.01,-0.25
600338,XD西藏珠,19.43,-0.05,-0.26
600339,中油工程,3.63,-0.04,-1.09
600340,华夏幸福,25.45,0.37,1.48
600343,航天动力,7.60,0.14,1.88
600345,长江通信,22.24,0.16,0.72
600346,恒力股份,13.25,0.16,1.22
600348,阳泉煤业,5.04,0.05,1.00
600350,山东高速,4.56,-0.04,-0.87
600351,亚宝药业,5.63,-0.02,-0.35
600352,浙江龙盛,9.65,0.08,0.84
600353,旭光股份,3.99,-0.04,-0.99
600354,敦煌种业,3.65,0.05,1.39
600355,精伦电子,3.47,-0.03,-0.86
600356,恒丰纸业,5.49,0.02,0.37
600358,国旅联合,3.52,-0.06,-1.68
600359,新农开发,4.25,0.11,2.66
600360,华微电子,5.14,0.06,1.18
600361,华联综超,3.39,0.03,0.89
600362,江西铜业,13.16,0.09,0.69
600363,联创光电,8.00,0.13,1.65
600365,通葡股份,3.63,0.01,0.28
600366,宁波韵升,5.01,0.20,4.16
600367,红星发展,7.16,0.04,0.56
600368,五洲交通,3.07,0.01,0.33
600369,西南证券,3.48,0.07,2.05
600370,三房巷,2.90,0.06,2.11
600371,万向德农,6.25,0.13,2.12
600372,中航电子,12.98,-0.12,-0.92
600373,中文传媒,13.01,-0.19,-1.44
600375,华菱星马,3.52,0.02,0.57
600376,首开股份,7.19,0.01,0.14
600377,宁沪高速,9.80,0.13,1.34
600378,天科股份,8.88,-0.18,-1.99
600379,宝光股份,6.69,-0.51,-7.08
600380,健康元,6.67,-0.10,-1.48
600381,青海春天,5.74,0.02,0.35
600382,广东明珠,7.72,0.02,0.26
600383,金地集团,9.62,0.07,0.73
600385,山东金泰,9.62,0.14,1.48
600386,北巴传媒,3.32,0.00,0.00
600387,海越能源,7.86,0.07,0.90
600388,龙净环保,10.15,0.00,0.00
600389,江山股份,16.84,-0.08,-0.47
600390,五矿资本,6.96,0.09,1.31
600391,航发科技,10.93,0.03,0.28
600392,盛和资源,8.61,0.13,1.53
600393,粤泰股份,2.12,0.02,0.95
600395,盘江股份,5.01,-0.01,-0.20
600396,金山股份,1.93,0.02,1.05
600397,*ST安煤,2.18,0.05,2.35
600398,海澜之家,8.48,-0.01,-0.12
600399,*ST抚钢,2.50,0.12,5.04
600400,红豆股份,3.75,0.09,2.46
600403,大有能源,3.67,-0.03,-0.81
600405,动力源,4.09,-0.11,-2.62
600406,国电南瑞,18.53,0.45,2.49
600408,*ST安泰,2.60,0.12,4.84
600409,三友化工,5.72,-0.03,-0.52
600410,华胜天成,5.86,-0.02,-0.34
600415,小商品城,3.49,0.05,1.45
600416,湘电股份,5.16,0.00,0.00
600418,江淮汽车,4.81,0.07,1.48
600419,天润乳业,13.76,0.22,1.62
600420,现代制药,9.14,0.28,3.16
600421,ST仰帆,7.66,0.06,0.79
600422,昆药集团,6.18,0.02,0.32
600423,*ST柳化,3.82,-0.20,-4.98
600425,青松建化,2.93,0.00,0.00
600426,华鲁恒升,12.07,-0.23,-1.87
600428,中远海特,3.25,0.00,0.00
600429,三元股份,5.49,0.10,1.86
600433,冠豪高新,3.61,0.01,0.28
600435,北方导航,7.41,0.14,1.93
600436,片仔癀,86.65,-0.30,-0.35
600438,通威股份,8.28,0.02,0.24
600439,瑞贝卡,2.65,0.03,1.15
600444,国机通用,9.55,-0.31,-3.14
600446,金证股份,9.50,-0.46,-4.62
600448,华纺股份,4.81,0.27,5.95
600449,宁夏建材,7.37,0.03,0.41
600452,涪陵电力,15.85,0.22,1.41
600455,博通股份,21.99,0.28,1.29
600456,宝钛股份,15.09,-0.21,-1.37
600458,时代新材,6.78,-0.01,-0.15
600459,贵研铂业,11.08,-0.06,-0.54
600460,士兰微,8.12,-0.07,-0.85
600461,洪城水业,5.50,0.05,0.92
600462,九有股份,3.36,-0.10,-2.89
600463,空港股份,7.16,0.65,9.98
600466,蓝光发展,5.38,-0.11,-2.00
600467,好当家,2.40,-0.01,-0.41
600468,百利电气,5.35,-0.05,-0.93
600469,风神股份,3.53,0.02,0.57
600470,六国化工,3.75,0.00,0.00
600475,华光股份,8.20,-0.03,-0.36
600476,湘邮科技,11.87,-0.16,-1.33
600477,杭萧钢构,3.60,0.01,0.28
600478,科力远,3.90,0.04,1.04
600479,千金药业,7.76,-0.15,-1.90
600480,凌云股份,7.63,-0.01,-0.13
600481,双良节能,3.33,0.06,1.83
600482,中国动力,22.27,0.20,0.91
600483,福能股份,8.50,-0.01,-0.12
600486,扬农化工,37.66,-1.53,-3.90
600487,亨通光电,17.05,-0.17,-0.99
600488,天药股份,3.73,0.01,0.27
600489,中金黄金,8.58,0.18,2.14
600490,鹏欣资源,4.55,0.03,0.66
600491,龙元建设,6.77,-0.14,-2.03
600493,凤竹纺织,6.26,-0.21,-3.25
600495,晋西车轴,4.11,0.00,0.00
600496,精工钢构,2.61,0.03,1.16
600497,驰宏锌锗,4.10,0.02,0.49
600498,烽火通信,28.47,0.39,1.39
600499,科达洁能,4.04,-0.08,-1.94
600500,中化国际,6.84,-0.04,-0.58
600501,航天晨光,6.07,0.08,1.34
600502,安徽水利,3.56,-0.02,-0.56
600503,华丽家族,3.05,-0.01,-0.33
600505,西昌电力,4.59,-0.07,-1.50
600506,香梨股份,9.96,0.50,5.29
600507,方大特钢,9.99,-0.02,-0.20
600508,上海能源,9.65,0.02,0.21
600509,天富能源,3.57,0.04,1.13
600510,黑牡丹,6.06,0.21,3.59
600511,国药股份,23.25,-0.01,-0.04
600512,腾达建设,2.15,0.01,0.47
600513,联环药业,5.95,-0.03,-0.50
600515,海航基础,4.71,0.05,1.07
600516,方大炭素,16.71,0.17,1.03
600517,置信电气,3.18,0.02,0.63
600518,康美药业,9.21,0.00,0.00
600519,贵州茅台,590.01,27.01,4.80
600520,文一科技,13.18,0.27,2.09
600521,华海药业,11.06,-0.21,-1.86
600522,中天科技,8.15,0.02,0.25
600523,贵航股份,9.52,-0.03,-0.31
600525,长园集团,4.38,-0.19,-4.16
600526,菲达环保,4.42,0.00,0.00
600527,江南高纤,2.00,0.01,0.50
600528,中铁工业,10.50,0.05,0.48
600529,山东药玻,19.00,0.00,0.00
600530,交大昂立,4.42,-0.13,-2.86
600531,豫光金铅,3.49,0.06,1.75
600532,宏达矿业,3.94,-0.05,-1.25
600533,栖霞建设,2.94,0.03,1.03
600535,天士力,19.20,0.00,0.00
600536,中国软件,20.93,-1.72,-7.59
600537,亿晶光电,2.83,0.05,1.80
600538,国发股份,4.30,-0.04,-0.92
600539,*ST狮头,6.38,0.00,0.00
600540,新赛股份,3.55,0.05,1.43
600543,莫高股份,6.53,-0.03,-0.46
600545,卓郎智能,7.40,0.02,0.27
600546,山煤国际,3.32,0.01,0.30
600547,山东黄金,30.25,0.39,1.31
600548,深高速,8.98,-0.31,-3.34
600549,厦门钨业,12.08,0.08,0.67
600550,保变电气,3.68,-0.01,-0.27
600551,时代出版,8.62,0.05,0.58
600552,凯盛科技,3.67,-0.01,-0.27
600555,海航创新,2.88,0.11,3.97
600556,ST慧球,6.22,0.30,5.07
600557,康缘药业,10.28,0.24,2.39
600558,大西洋,3.16,0.01,0.32
600559,老白干酒,12.36,-0.12,-0.96
600560,金自天正,8.08,0.16,2.02
600561,江西长运,5.44,0.10,1.87
600562,国睿科技,12.87,-0.16,-1.23
600563,法拉电子,42.14,0.14,0.33
600565,迪马股份,2.60,0.02,0.78
600566,济川药业,33.53,-0.63,-1.84
600567,山鹰纸业,3.12,0.01,0.32
600568,中珠医疗,2.28,-0.02,-0.87
600569,安阳钢铁,3.03,-0.01,-0.33
600570,恒生电子,51.98,-1.64,-3.06
600571,信雅达,6.30,-0.03,-0.47
600572,康恩贝,5.93,0.00,0.00
600573,惠泉啤酒,6.29,-0.06,-0.94
600575,皖江物流,2.13,-0.02,-0.93
600576,祥源文化,4.20,0.00,0.00
600577,精达股份,2.97,0.01,0.34
600578,京能电力,2.93,0.00,0.00
600579,天华院,8.24,0.41,5.24
600580,卧龙电气,6.30,-0.10,-1.56
600581,八一钢铁,3.56,-0.03,-0.84
600582,天地科技,3.42,0.06,1.79
600583,海油工程,4.90,0.01,0.20
600584,长电科技,8.24,-0.26,-3.06
600585,海螺水泥,29.28,0.01,0.03
600586,金晶科技,2.83,0.03,1.07
600587,新华医疗,13.06,0.50,3.98
600588,用友网络,21.30,-0.50,-2.29
600589,广东榕泰,4.08,0.11,2.77
600590,泰豪科技,5.39,0.09,1.70
600592,龙溪股份,5.36,0.07,1.32
600593,大连圣亚,26.49,0.35,1.34
600594,益佰制药,5.52,-0.02,-0.36
600595,中孚实业,1.94,-0.01,-0.51
600596,新安股份,10.69,0.01,0.09
600597,光明乳业,8.36,0.13,1.58
600598,北大荒,8.56,0.05,0.59
600599,熊猫金控,10.11,0.02,0.20
600600,青岛啤酒,34.86,-0.19,-0.54
600601,方正科技,2.52,-0.02,-0.79
600602,云赛智联,4.98,0.07,1.43
600603,广汇物流,4.08,0.06,1.49
600604,市北高新,7.71,-0.11,-1.41
600605,汇通能源,9.73,0.10,1.04
600606,绿地控股,6.11,-0.02,-0.33
600608,ST沪科,4.15,0.04,0.97
600609,金杯汽车,3.10,-0.03,-0.96
600610,*ST毅达,1.72,-0.08,-4.44
600611,大众交通,3.99,-0.02,-0.50
600612,老凤祥,45.00,1.12,2.55
600613,神奇制药,4.91,0.00,0.00
600614,鹏起科技,3.59,0.33,10.12
600615,丰华股份,10.48,0.38,3.76
600616,金枫酒业,4.76,-0.01,-0.21
600617,国新能源,4.85,0.12,2.54
600618,氯碱化工,6.49,-0.04,-0.61
600619,海立股份,8.47,-0.02,-0.24
600620,天宸股份,5.40,0.11,2.08
600621,华鑫股份,8.78,0.26,3.05
600622,光大嘉宝,5.67,-0.17,-2.91
600623,华谊集团,8.08,0.11,1.38
600624,复旦复华,6.05,0.16,2.72
600626,申达股份,4.94,0.01,0.20
600628,新世界,6.34,-0.08,-1.25
600629,华建集团,11.27,0.10,0.90
600630,龙头股份,6.91,-0.01,-0.14
600633,浙数文化,8.15,-0.08,-0.97
600634,*ST富控,2.55,-0.06,-2.30
600635,大众公用,4.69,-0.04,-0.85
600636,三爱富,10.79,0.06,0.56
600637,东方明珠,10.24,0.10,0.99
600638,新黄浦,8.52,0.01,0.12
600639,浦东金桥,11.26,0.00,0.00
600640,号百控股,9.81,-0.12,-1.21
600641,万业企业,9.08,0.21,2.37
600642,申能股份,4.88,-0.03,-0.61
600643,爱建集团,8.49,-0.03,-0.35
600644,乐山电力,4.49,0.08,1.81
600645,中源协和,16.24,0.14,0.87
600647,同达创业,11.88,-0.06,-0.50
600648,外高桥,13.74,0.04,0.29
600649,城投控股,5.47,0.01,0.18
600650,锦江投资,9.45,0.01,0.11
600651,飞乐音响,3.23,-0.07,-2.12
600652,游久游戏,4.47,0.06,1.36
600653,申华控股,1.89,0.00,0.00
600654,ST中安,2.00,0.03,1.52
600655,豫园股份,7.40,0.22,3.06
600657,信达地产,3.93,0.13,3.42
600658,电子城,6.11,0.40,7.01
600660,福耀玻璃,22.78,0.34,1.52
600661,昂立教育,19.56,0.05,0.26
600662,强生控股,4.14,0.04,0.98
600663,陆家嘴,12.99,0.13,1.01
600664,哈药股份,3.95,0.12,3.13
600665,天地源,3.44,-0.02,-0.58
600666,奥瑞德,3.03,0.02,0.66
600667,太极实业,5.11,-0.02,-0.39
600668,尖峰集团,11.80,-0.01,-0.08
600671,天目药业,16.00,-0.50,-3.03
600673,东阳光科,7.28,-0.01,-0.14
600674,川投能源,8.67,0.10,1.17
600675,中华企业,5.58,0.08,1.45
600676,交运股份,4.31,-0.01,-0.23
600677,航天通信,9.47,0.47,5.22
600678,四川金顶,5.61,0.10,1.81
600679,上海凤凰,10.11,-0.26,-2.51
600681,百川能源,11.84,0.33,2.87
600682,南京新百,8.78,0.08,0.92
600683,京投发展,4.17,0.02,0.48
600684,珠江实业,4.35,-0.11,-2.47
600685,中船防务,9.56,0.03,0.31
600686,金龙汽车,6.85,-0.11,-1.58
600687,刚泰控股,4.15,0.02,0.48
600688,上海石化,4.99,-0.03,-0.60
600689,上海三毛,10.37,-0.03,-0.29
600690,青岛海尔,13.85,-0.24,-1.70
600691,阳煤化工,2.44,0.01,0.41
600692,亚通股份,7.07,0.09,1.29
600693,东百集团,5.25,0.02,0.38
600694,大商股份,24.19,-0.03,-0.12
600695,绿庭投资,5.33,0.03,0.57
600696,ST岩石,4.90,0.23,4.93
600697,欧亚集团,18.39,0.12,0.66
600698,湖南天雁,4.15,0.02,0.48
600699,均胜电子,23.36,0.74,3.27
600701,*ST工新,2.30,0.03,1.32
600702,舍得酒业,22.82,-0.22,-0.95
600703,三安光电,11.31,-0.89,-7.30
600704,物产中大,4.58,0.01,0.22
600705,XD中航资,4.24,0.05,1.19
600706,曲江文旅,10.17,0.03,0.30
600707,彩虹股份,4.13,0.06,1.47
600708,光明地产,3.49,0.00,0.00
600710,苏美达,3.69,-0.01,-0.27
600711,盛屯矿业,4.57,-0.03,-0.65
600712,南宁百货,3.66,0.04,1.10
600713,南京医药,4.26,0.01,0.24
600714,金瑞矿业,5.76,-0.05,-0.86
600715,文投控股,4.50,-0.20,-4.26
600716,凤凰股份,3.20,0.03,0.95
600717,天津港,7.07,0.01,0.14
600718,东软集团,11.55,0.01,0.09
600719,大连热电,3.81,0.06,1.60
600720,祁连山,6.45,0.05,0.78
600721,百花村,5.25,-0.10,-1.87
600722,金牛化工,4.56,-0.09,-1.94
600723,首商股份,6.21,0.00,0.00
600724,宁波富达,3.31,0.18,5.75
600725,ST云维,2.35,0.03,1.29
600726,华电能源,2.31,-0.01,-0.43
600727,鲁北化工,5.49,-0.04,-0.72
600728,佳都科技,6.89,0.18,2.68
600729,重庆百货,28.30,0.75,2.72
600730,中国高科,4.88,0.00,0.00
600731,湖南海利,4.22,-0.03,-0.71
600732,ST新梅,4.52,0.15,3.43
600733,北汽蓝谷,7.96,0.08,1.02
600734,实达集团,6.28,0.21,3.46
600735,新华锦,5.16,0.00,0.00
600736,苏州高新,5.26,-0.01,-0.19
600737,中粮糖业,7.36,0.08,1.10
600738,兰州民百,5.70,0.35,6.54
600739,辽宁成大,10.46,0.16,1.55
600740,山西焦化,8.01,0.01,0.13
600741,华域汽车,18.40,-0.09,-0.49
600742,一汽富维,9.98,0.48,5.05
600743,华远地产,2.42,0.01,0.41
600744,华银电力,2.61,0.02,0.77
600745,闻泰科技,21.13,-0.16,-0.75
600746,江苏索普,5.74,-0.01,-0.17
600747,ST大控,1.30,0.02,1.56
600748,上实发展,5.34,0.03,0.56
600749,*ST藏旅,9.38,0.00,0.00
600750,江中药业,16.93,0.03,0.18
600751,海航科技,2.71,-0.05,-1.81
600753,东方银星,14.68,0.04,0.27
600754,锦江股份,21.30,0.11,0.52
600755,厦门国贸,6.98,0.16,2.35
600756,浪潮软件,15.29,-1.21,-7.33
600757,长江传媒,6.52,-0.07,-1.06
600758,红阳能源,3.25,-0.01,-0.31
600759,洲际油气,2.36,-0.01,-0.42
600760,中航沈飞,27.71,-0.11,-0.40
600761,安徽合力,8.75,-0.07,-0.79
600763,通策医疗,47.47,0.47,1.00
600764,中国海防,23.84,0.14,0.59
600765,中航重机,7.44,0.06,0.81
600766,园城黄金,7.96,0.01,0.13
600767,ST运盛,4.73,0.05,1.07
600768,宁波富邦,9.63,0.15,1.58
600769,祥龙电业,3.90,-0.04,-1.02
600770,综艺股份,4.71,-0.07,-1.46
600771,广誉远,28.87,-0.53,-1.80
600773,西藏城投,6.00,-0.08,-1.32
600774,汉商集团,14.17,-0.43,-2.95
600775,南京熊猫,8.11,0.18,2.27
600776,东方通信,11.47,1.04,9.97
600777,新潮能源,1.91,-0.05,-2.55
600778,*ST友好,4.52,-0.09,-1.95
600779,水井坊,31.67,0.08,0.25
600780,通宝能源,3.23,0.02,0.62
600781,辅仁药业,12.65,-0.02,-0.16
600782,新钢股份,5.09,-0.07,-1.36
600783,鲁信创投,15.68,-0.25,-1.57
600784,鲁银投资,5.06,0.05,1.00
600785,新华百货,16.35,0.40,2.51
600787,中储股份,5.00,0.00,0.00
600789,鲁抗医药,7.55,-0.30,-3.82
600790,轻纺城,3.65,-0.01,-0.27
600791,京能置业,3.64,-0.01,-0.27
600792,云煤能源,2.68,-0.01,-0.37
600793,宜宾纸业,14.79,0.21,1.44
600794,保税科技,2.59,0.00,0.00
600795,国电电力,2.56,0.05,1.99
600796,钱江生化,5.17,0.02,0.39
600797,浙大网新,7.21,0.01,0.14
600798,宁波海运,3.23,0.03,0.94
600800,天津磁卡,5.01,-0.05,-0.99
600801,华新水泥,16.72,0.02,0.12
600802,福建水泥,7.36,0.05,0.68
600803,新奥股份,9.94,0.00,0.00
600804,鹏博士,7.03,-0.02,-0.28
600805,悦达投资,4.60,-0.02,-0.43
600807,*ST天业,3.78,-0.11,-2.83
600808,马钢股份,3.46,0.03,0.87
600809,山西汾酒,35.05,0.02,0.06
600810,神马股份,10.08,-0.22,-2.14
600811,东方集团,3.66,-0.01,-0.27
600812,华北制药,4.00,0.01,0.25
600814,杭州解百,5.08,0.01,0.20
600815,厦工股份,2.99,0.01,0.34
600816,安信信托,4.37,0.09,2.10
600817,ST宏盛,7.02,0.13,1.89
600818,中路股份,10.60,0.00,0.00
600819,耀皮玻璃,4.09,-0.12,-2.85
600820,隧道股份,6.26,0.22,3.64
600821,津劝业,3.99,0.00,0.00
600822,上海物贸,8.63,-0.03,-0.35
600823,世茂股份,3.76,0.01,0.27
600824,益民集团,3.34,0.02,0.60
600825,新华传媒,4.90,0.14,2.94
600826,兰生股份,9.51,0.21,2.26
600827,百联股份,8.45,0.04,0.48
600828,茂业商业,4.69,0.03,0.64
600829,人民同泰,5.83,-0.05,-0.85
600830,香溢融通,4.79,-0.03,-0.62
600831,广电网络,6.77,-0.03,-0.44
600833,第一医药,9.13,0.29,3.28
600834,申通地铁,6.69,0.01,0.15
600835,上海机电,14.55,-0.52,-3.45
600836,界龙实业,3.77,-0.01,-0.26
600837,海通证券,8.80,0.14,1.62
600838,上海九百,6.01,0.03,0.50
600839,四川长虹,2.31,0.00,0.00
600841,上柴股份,6.58,-0.17,-2.52
600843,上工申贝,6.64,0.01,0.15
600844,丹化科技,3.16,-0.05,-1.56
600845,宝信软件,20.85,-0.36,-1.70
600846,同济科技,7.15,0.03,0.42
600847,万里股份,11.51,0.03,0.26
600848,上海临港,20.68,0.12,0.58
600850,华东电脑,15.77,-0.30,-1.87
600851,海欣股份,6.94,-0.08,-1.14
600853,龙建股份,3.46,0.03,0.87
600854,春兰股份,3.48,0.03,0.87
600855,航天长峰,9.03,-0.06,-0.66
600856,中天能源,3.72,-0.19,-4.86
600857,宁波中百,8.31,0.16,1.96
600858,银座股份,4.94,0.06,1.23
600859,王府井,13.56,0.06,0.44
600860,京城股份,4.47,-0.06,-1.32
600861,北京城乡,6.95,0.10,1.46
600862,中航高科,5.60,-0.05,-0.88
600863,内蒙华电,2.31,0.04,1.76
600864,哈投股份,4.45,0.17,3.97
600865,百大集团,5.55,0.00,0.00
600866,星湖科技,3.14,-0.12,-3.68
600867,通化东宝,13.90,0.49,3.65
600868,梅雁吉祥,2.85,0.05,1.79
600869,智慧能源,4.85,0.02,0.41
600870,*ST厦华,3.33,0.05,1.52
600871,*ST油服,1.83,0.00,0.00
600872,中炬高新,29.46,0.39,1.34
600873,梅花生物,4.22,0.06,1.44
600874,创业环保,8.25,0.24,3.00
600875,东方电气,7.89,0.09,1.15
600876,洛阳玻璃,11.12,-0.10,-0.89
600877,ST嘉陵,4.76,-0.07,-1.45
600879,航天电子,5.41,-0.02,-0.37
600880,博瑞传播,3.71,-0.03,-0.80
600881,亚泰集团,3.31,-0.03,-0.90
600882,广泽股份,7.67,0.02,0.26
600883,博闻科技,6.07,-0.03,-0.49
600884,杉杉股份,12.92,-0.04,-0.31
600885,宏发股份,22.56,-0.49,-2.13
600886,国投电力,8.05,0.11,1.39
600887,伊利股份,22.88,0.68,3.06
600888,新疆众和,4.18,0.06,1.46
600889,南京化纤,4.60,0.06,1.32
600890,中房股份,8.27,0.13,1.60
600891,秋林集团,6.78,0.13,1.95
600892,大晟文化,8.55,0.07,0.83
600893,航发动力,21.72,0.23,1.07
600894,广日股份,5.45,0.03,0.55
600895,张江高科,14.95,0.61,4.25
600896,*ST海投,3.77,0.18,5.01
600897,厦门空港,21.29,-0.20,-0.93
600898,国美通讯,8.06,-0.05,-0.62
600900,长江电力,15.88,0.30,1.93
600901,江苏租赁,5.91,0.00,0.00
600903,贵州燃气,21.10,-0.75,-3.43
600908,无锡银行,5.24,0.01,0.19
600909,华安证券,4.72,0.08,1.72
600917,重庆燃气,7.12,0.02,0.28
600919,江苏银行,5.97,0.07,1.19
600926,杭州银行,7.40,0.03,0.41
600929,湖南盐业,8.23,-0.30,-3.52
600933,爱柯迪,7.66,-0.02,-0.26
600936,广西广电,3.74,-0.03,-0.80
600939,重庆建工,4.61,-0.02,-0.43
600958,东方证券,7.97,0.22,2.84
600959,江苏有线,4.12,0.00,0.00
600960,渤海汽车,3.52,-0.04,-1.12
600961,株冶集团,7.53,0.00,0.00
600962,国投中鲁,7.33,0.01,0.14
600963,岳阳林纸,4.01,0.02,0.50
600965,福成股份,9.99,0.08,0.81
600966,博汇纸业,3.14,0.01,0.32
600967,内蒙一机,10.40,0.02,0.19
600969,郴电国际,5.93,-0.06,-1.00
600970,中材国际,5.47,0.01,0.18
600971,恒源煤电,5.63,0.03,0.54
600973,宝胜股份,3.62,-0.01,-0.28
600975,新五丰,3.38,0.02,0.60
600976,健民集团,14.28,-0.10,-0.70
600977,中国电影,14.32,0.07,0.49
600978,宜华生活,4.10,-0.02,-0.49
600979,广安爱众,4.00,0.00,0.00
600980,北矿科技,9.79,-0.01,-0.10
600981,汇鸿集团,3.74,-0.02,-0.53
600982,宁波热电,3.33,0.15,4.72
600983,惠而浦,5.26,0.00,0.00
600984,建设机械,5.07,0.03,0.60
600985,淮北矿业,9.30,-0.05,-0.53
600986,科达股份,4.19,0.04,0.96
600987,航民股份,8.18,0.01,0.12
600988,赤峰黄金,3.99,0.01,0.25
600990,四创电子,34.29,0.19,0.56
600992,贵绳股份,6.92,-0.04,-0.57
600993,马应龙,13.42,0.28,2.13
600995,文山电力,6.61,0.09,1.38
600996,贵广网络,6.36,-0.13,-2.00
600997,开滦股份,5.67,0.02,0.35
600998,九州通,14.60,-0.01,-0.07
600999,招商证券,13.40,0.28,2.13
601000,唐山港,2.38,0.00,0.00
601001,大同煤业,4.27,-0.06,-1.39
601002,晋亿实业,5.35,0.02,0.38
601003,柳钢股份,6.57,0.11,1.70
601005,重庆钢铁,1.94,0.00,0.00
601006,大秦铁路,8.23,0.07,0.86
601007,金陵饭店,8.07,0.09,1.13
601008,连云港,3.06,0.02,0.66
601009,南京银行,6.46,0.02,0.31
601010,文峰股份,2.90,0.01,0.35
601011,宝泰隆,5.50,0.00,0.00
601012,隆基股份,17.44,-0.26,-1.47
601015,陕西黑猫,5.31,0.01,0.19
601016,节能风电,2.32,0.00,0.00
601018,宁波港,3.34,0.03,0.91
601019,山东出版,7.82,0.14,1.82
601020,华钰矿业,8.46,0.19,2.30
601021,春秋航空,31.81,0.58,1.86
601028,玉龙股份,4.67,0.02,0.43
601038,一拖股份,4.86,0.01,0.21
601058,赛轮轮胎,2.23,-0.02,-0.89
601066,中信建投,8.71,0.19,2.23
601068,中铝国际,5.21,-0.12,-2.25
601069,西部黄金,14.87,-0.03,-0.20
601086,国芳集团,5.07,0.00,0.00
601088,中国神华,17.96,0.01,0.06
601098,中南传媒,12.50,-0.20,-1.57
601099,太平洋,2.49,0.09,3.75
601100,恒立液压,19.81,0.21,1.07
601101,昊华能源,6.01,-0.01,-0.17
601106,中国一重,2.67,0.00,0.00
601107,四川成渝,3.48,0.07,2.05
601108,财通证券,7.22,0.12,1.69
601111,中国国航,7.64,-0.02,-0.26
601113,华鼎股份,8.11,0.00,0.00
601116,三江购物,10.77,-0.05,-0.46
601117,中国化学,5.36,0.03,0.56
601118,海南橡胶,4.49,0.07,1.58
601126,四方股份,5.09,-0.04,-0.78
601127,小康股份,17.14,0.39,2.33
601128,常熟银行,6.14,0.02,0.33
601137,博威合金,6.82,0.02,0.29
601138,工业富联,11.59,0.03,0.26
601139,深圳燃气,5.37,0.00,0.00
601155,新城控股,23.69,0.29,1.24
601158,重庆水务,5.56,0.04,0.72
601162,天风证券,6.23,0.08,1.30
601163,三角轮胎,11.14,-0.03,-0.27
601166,兴业银行,14.94,0.07,0.47
601168,西部矿业,5.82,0.03,0.52
601169,北京银行,5.61,0.02,0.36
601177,杭齿前进,8.98,0.82,10.05
601179,中国西电,3.36,-0.04,-1.18
601186,中国铁建,10.87,0.23,2.16
601188,龙江交通,2.96,0.04,1.37
601198,东兴证券,9.56,0.15,1.59
601199,江南水务,3.56,-0.02,-0.56
601200,上海环境,13.27,0.18,1.38
601208,东材科技,3.70,-0.12,-3.14
601211,国泰君安,15.32,0.36,2.41
601212,白银有色,2.95,0.02,0.68
601216,君正集团,2.62,0.02,0.77
601218,吉鑫科技,2.27,0.02,0.89
601222,林洋能源,4.84,0.01,0.21
601225,陕西煤业,7.44,-0.06,-0.80
601226,华电重工,3.69,0.01,0.27
601228,广州港,3.96,0.03,0.76
601229,上海银行,11.19,0.33,3.04
601231,环旭电子,9.00,-0.53,-5.56
601233,桐昆股份,9.76,-0.11,-1.11
601238,广汽集团,10.29,0.03,0.29
601258,庞大集团,1.40,-0.01,-0.71
601288,农业银行,3.60,0.00,0.00
601311,骆驼股份,8.83,0.22,2.56
601318,中国平安,56.10,-0.80,-1.41
601319,中国人保,5.38,-0.09,-1.65
601326,秦港股份,3.14,-0.02,-0.63
601328,交通银行,5.79,0.07,1.22
601330,绿色动力,12.45,-0.61,-4.67
601333,广深铁路,3.16,0.00,0.00
601336,新华保险,42.24,0.28,0.67
601339,百隆东方,5.53,0.12,2.22
601360,三六零,20.37,0.21,1.04
601366,利群股份,6.48,0.01,0.15
601368,绿城水务,5.79,0.01,0.17
601369,陕鼓动力,6.05,0.07,1.17
601375,中原证券,4.26,0.10,2.40
601377,兴业证券,4.64,0.08,1.75
601388,怡球资源,1.93,-0.01,-0.52
601390,中国中铁,6.99,0.07,1.01
601398,工商银行,5.29,0.01,0.19
601500,通用股份,6.59,0.06,0.92
601515,东风股份,7.10,0.00,0.00
601518,吉林高速,2.58,0.00,0.00
601519,大智慧,3.34,0.09,2.77
601555,东吴证券,6.70,0.17,2.60
601558,ST锐电,1.11,0.05,4.72
601566,九牧王,13.25,0.32,2.47
601567,三星医疗,5.63,-0.04,-0.71
601577,长沙银行,8.52,0.03,0.35
601579,会稽山,8.89,0.03,0.34
601588,北辰实业,2.71,0.03,1.12
601595,上海电影,12.23,0.11,0.91
601599,鹿港文化,3.12,0.02,0.65
601600,中国铝业,3.55,0.04,1.14
601601,中国太保,28.43,0.18,0.64
601606,长城军工,12.06,-0.39,-3.13
601607,上海医药,17.00,0.01,0.06
601608,中信重工,2.60,0.01,0.39
601611,中国核建,6.53,0.09,1.40
601616,广电电气,3.17,0.00,0.00
601618,中国中冶,3.11,0.01,0.32
601619,嘉泽新能,4.65,0.36,8.39
601628,中国人寿,20.39,0.03,0.15
601633,长城汽车,5.60,0.04,0.72
601636,旗滨集团,3.80,0.03,0.80
601666,平煤股份,3.52,-0.01,-0.28
601668,中国建筑,5.70,0.18,3.26
601669,中国电建,4.86,0.09,1.89
601677,明泰铝业,8.79,-0.07,-0.79
601678,滨化股份,4.22,0.06,1.44
601688,华泰证券,16.20,0.33,2.08
601689,拓普集团,14.78,0.06,0.41
601699,潞安环能,6.66,0.02,0.30
601700,风范股份,3.82,0.35,10.09
601717,郑煤机,5.53,0.03,0.55
601718,际华集团,3.35,0.02,0.60
601727,上海电气,4.94,0.01,0.20
601766,中国中车,9.02,0.21,2.38
601777,力帆股份,3.81,0.08,2.14
601788,光大证券,8.77,0.19,2.21
601789,宁波建工,3.10,0.00,0.00
601798,*ST蓝科,4.92,0.00,0.00
601799,星宇股份,47.50,0.35,0.74
601800,中国交建,11.26,0.07,0.63
601801,皖新传媒,6.68,-0.09,-1.33
601808,中海油服,8.54,-0.13,-1.50
601811,新华文轩,9.31,0.28,3.10
601818,光大银行,3.70,0.05,1.37
601828,美凯龙,11.04,0.19,1.75
601838,成都银行,8.05,0.04,0.50
601857,中国石油,7.21,-0.01,-0.14
601858,中国科传,8.74,0.17,1.98
601866,中远海发,2.28,0.00,0.00
601869,长飞光纤,39.77,-0.45,-1.12
601872,招商轮船,3.69,-0.04,-1.07
601877,正泰电器,24.24,0.28,1.17
601878,浙商证券,7.26,0.23,3.27
601880,大连港,1.85,0.00,0.00
601881,中国银河,6.82,0.12,1.79
601882,海天精工,7.04,0.02,0.28
601886,江河集团,7.49,0.20,2.74
601888,中国国旅,60.20,1.31,2.22
601890,亚星锚链,3.52,0.01,0.28
601898,中煤能源,4.65,0.03,0.65
601899,紫金矿业,3.34,0.02,0.60
601900,南方传媒,8.42,0.27,3.31
601901,方正证券,5.31,0.17,3.31
601908,京运通,3.15,-0.01,-0.32
601918,新集能源,3.01,0.06,2.03
601919,中远海控,4.04,0.03,0.75
601928,凤凰传媒,7.94,-0.18,-2.22
601929,吉视传媒,2.05,0.00,0.00
601933,永辉超市,7.87,0.07,0.90
601939,建设银行,6.37,0.08,1.27
601949,中国出版,4.39,0.01,0.23
601952,苏垦农发,6.63,0.08,1.22
601958,金钼股份,5.92,0.01,0.17
601965,中国汽研,7.08,-0.06,-0.84
601966,玲珑轮胎,13.65,0.14,1.04
601968,宝钢包装,3.99,0.03,0.76
601969,海南矿业,4.48,0.03,0.67
601985,中国核电,5.27,0.01,0.19
601988,中国银行,3.61,-0.02,-0.55
601989,中国重工,4.25,-0.01,-0.23
601990,南京证券,8.70,0.15,1.75
601991,大唐发电,3.15,0.06,1.94
601992,金隅集团,3.50,-0.03,-0.85
601996,丰林集团,2.83,-0.02,-0.70
601997,贵阳银行,10.68,0.10,0.95
601998,中信银行,5.45,0.08,1.49
601999,出版传媒,5.07,-0.01,-0.20
603000,人民网,7.30,0.08,1.11
603001,奥康国际,10.11,0.04,0.40
603002,宏昌电子,3.47,-0.02,-0.57
603003,龙宇燃油,6.73,0.03,0.45
603005,晶方科技,16.42,0.32,1.99
603006,联明股份,9.18,-0.07,-0.76
603007,花王股份,7.94,0.09,1.15
603008,喜临门,9.22,0.33,3.71
603009,北特科技,5.79,0.00,0.00
603010,万盛股份,14.05,-0.04,-0.28
603011,合锻智能,4.35,-0.04,-0.91
603012,创力集团,8.03,0.01,0.12
603013,亚普股份,17.64,-0.42,-2.33
603015,弘讯科技,5.97,0.02,0.34
603016,新宏泰,16.70,-0.95,-5.38
603017,中衡设计,9.93,0.09,0.91
603018,中设集团,17.42,0.15,0.87
603019,中科曙光,35.88,-1.30,-3.50
603020,爱普股份,7.43,-0.16,-2.11
603021,山东华鹏,5.76,-0.06,-1.03
603022,新通联,6.80,-0.04,-0.58
603023,威帝股份,4.66,-0.02,-0.43
603025,大豪科技,11.15,-0.12,-1.06
603026,石大胜华,19.30,0.09,0.47
603027,千禾味业,15.38,0.02,0.13
603028,赛福天,7.29,-0.02,-0.27
603029,天鹅股份,13.22,0.04,0.30
603030,全筑股份,5.10,-0.03,-0.58
603031,安德利,11.89,-0.02,-0.17
603032,德新交运,28.78,0.39,1.37
603033,三维股份,18.88,0.00,0.00
603035,常熟汽饰,12.10,0.00,0.00
603036,如通股份,11.19,-0.06,-0.53
603037,凯众股份,17.90,0.12,0.67
603038,华立股份,16.60,-0.08,-0.48
603039,泛微网络,72.30,1.97,2.80
603040,新坐标,26.55,0.15,0.57
603041,美思德,14.17,0.13,0.93
603042,华脉科技,15.37,-0.23,-1.47
603043,广州酒家,27.08,0.59,2.23
603045,福达合金,28.70,-1.30,-4.33
603050,科林电气,13.17,1.20,10.03
603055,台华新材,10.58,0.13,1.24
603056,德邦股份,16.55,-0.27,-1.61
603058,永吉股份,9.51,-0.39,-3.94
603059,倍加洁,31.63,-1.95,-5.81
603060,国检集团,19.50,0.36,1.88
603063,禾望电气,6.31,-0.17,-2.62
603066,音飞储存,7.05,0.10,1.44
603067,振华股份,7.70,-0.03,-0.39
603069,海汽集团,6.58,0.24,3.79
603076,乐惠国际,24.47,-0.05,-0.20
603077,和邦生物,1.62,0.01,0.62
603078,江化微,28.85,-0.31,-1.06
603079,圣达生物,16.14,-0.01,-0.06
603080,新疆火炬,20.84,-1.41,-6.34
603081,大丰实业,11.63,-0.46,-3.80
603083,剑桥科技,24.60,0.55,2.29
603085,天成自控,7.72,0.02,0.26
603086,先达股份,22.28,0.01,0.04
603088,宁波精达,11.34,0.07,0.62
603089,正裕工业,16.30,-0.35,-2.10
603090,宏盛股份,12.98,-0.09,-0.69
603096,新经典,61.72,1.92,3.21
603098,森特股份,13.67,-0.32,-2.29
603099,长白山,8.77,-0.21,-2.34
603100,川仪股份,7.52,-0.16,-2.08
603101,汇嘉时代,15.92,-0.72,-4.33
603103,横店影视,22.30,0.00,0.00
603105,芯能科技,13.08,-0.52,-3.82
603106,恒银金融,10.30,0.10,0.98
603108,润达医疗,7.19,0.00,0.00
603110,东方材料,10.58,-0.06,-0.56
603111,康尼机电,3.96,-0.01,-0.25
603113,金能科技,10.97,-0.03,-0.27
603116,红蜻蜓,6.97,0.04,0.58
603117,万林物流,3.54,0.00,0.00
603118,共进股份,6.30,-0.16,-2.48
603123,翠微股份,5.90,0.16,2.79
603126,中材节能,5.15,-0.03,-0.58
603127,昭衍新药,47.60,-0.06,-0.13
603128,华贸物流,5.32,-0.01,-0.19
603129,春风动力,15.98,-0.02,-0.13
603131,上海沪工,15.39,0.60,4.06
603133,碳元科技,15.53,-0.40,-2.51
603136,天目湖,29.33,0.59,2.05
603138,海量数据,18.63,-0.09,-0.48
603139,康惠制药,15.43,0.16,1.05
603156,养元饮品,41.58,-0.44,-1.05
603157,拉夏贝尔,8.56,0.00,0.00
603158,腾龙股份,16.37,0.89,5.75
603159,上海亚虹,17.73,-0.06,-0.34
603160,汇顶科技,78.70,-0.80,-1.01
603161,科华控股,15.67,0.02,0.13
603165,荣晟环保,15.05,0.10,0.67
603166,福达股份,5.12,-0.03,-0.58
603167,渤海轮渡,8.76,0.07,0.81
603168,莎普爱思,6.85,-0.35,-4.86
603169,兰石重装,4.27,-0.20,-4.47
603177,德创环保,9.19,-0.32,-3.36
603178,圣龙股份,9.85,-0.04,-0.40
603179,新泉股份,16.13,0.13,0.81
603180,金牌厨柜,58.02,0.22,0.38
603181,皇马科技,14.23,0.00,0.00
603183,建研院,17.91,0.01,0.06
603185,N上机,49.10,15.00,43.99
603186,华正新材,15.15,-0.61,-3.87
603187,海容冷链,46.70,-1.25,-2.61
603188,亚邦股份,7.36,0.01,0.14
603189,网达软件,11.15,-0.10,-0.89
603192,汇得科技,28.93,-1.16,-3.86
603196,日播时尚,12.44,1.13,9.99
603197,保隆科技,20.66,0.24,1.18
603198,迎驾贡酒,14.11,0.02,0.14
603199,九华旅游,19.00,-0.30,-1.55
603200,上海洗霸,34.30,1.22,3.69
603203,快克股份,19.60,-0.04,-0.20
603208,江山欧派,26.61,0.24,0.91
603214,爱婴室,37.00,0.00,0.00
603218,日月股份,16.52,-0.17,-1.02
603220,贝通信,21.68,-1.34,-5.82
603222,济民制药,13.58,0.00,0.00
603223,恒通股份,10.38,-0.04,-0.38
603225,新凤鸣,18.75,0.19,1.02
603226,菲林格尔,16.05,-0.15,-0.93
603227,雪峰科技,3.66,0.01,0.27
603228,景旺电子,49.99,0.11,0.22
603229,奥翔药业,11.44,0.02,0.18
603232,格尔软件,22.84,-0.52,-2.23
603233,大参林,39.86,-1.39,-3.37
603238,诺邦股份,18.88,0.23,1.23
603239,浙江仙通,10.41,-0.13,-1.23
603258,电魂网络,17.01,0.30,1.80
603259,药明康德,74.86,0.06,0.08
603260,合盛硅业,43.80,-0.10,-0.23
603266,天龙股份,13.81,-0.09,-0.65
603268,松发股份,16.45,0.40,2.49
603269,海鸥股份,14.32,-0.13,-0.90
603277,银都股份,8.76,0.03,0.34
603278,大业股份,14.80,0.40,2.78
603283,赛腾股份,17.74,-0.31,-1.72
603286,日盈电子,14.36,0.06,0.42
603288,海天味业,68.80,0.75,1.10
603289,泰瑞机器,7.95,-0.06,-0.75
603297,永新光学,43.25,0.05,0.12
603298,杭叉集团,11.82,0.04,0.34
603299,井神股份,5.13,0.12,2.40
603300,华铁科技,4.80,0.04,0.84
603301,振德医疗,31.75,-0.95,-2.91
603303,得邦照明,11.85,0.05,0.42
603305,旭升股份,30.42,0.31,1.03
603306,华懋科技,14.25,-0.11,-0.77
603308,应流股份,8.02,-0.09,-1.11
603309,维力医疗,9.60,0.01,0.10
603311,金海环境,10.13,-0.06,-0.59
603313,梦百合,21.01,0.31,1.50
603315,福鞍股份,11.34,-0.03,-0.26
603316,诚邦股份,7.74,0.00,0.00
603318,派思股份,12.46,0.23,1.88
603319,湘油泵,20.24,0.11,0.55
603320,迪贝电气,18.17,-0.14,-0.76
603321,梅轮电梯,7.08,-0.63,-8.17
603322,超讯通信,34.09,0.62,1.85
603323,吴江银行,6.11,0.04,0.66
603326,我乐家居,11.20,0.01,0.09
603328,依顿电子,9.90,-0.39,-3.79
603329,上海雅仕,15.88,-1.72,-9.77
603330,上海天洋,20.14,-0.20,-0.98
603331,百达精工,14.66,0.01,0.07
603333,尚纬股份,5.01,-0.02,-0.40
603335,迪生力,6.08,-0.04,-0.65
603336,宏辉果蔬,15.55,0.19,1.24
603337,杰克股份,36.69,-0.01,-0.03
603338,浙江鼎力,56.32,-1.55,-2.68
603339,四方科技,14.95,-0.95,-5.97
603345,安井食品,36.80,-0.10,-0.27
603348,文灿股份,22.49,-0.39,-1.70
603355,莱克电气,21.50,0.07,0.33
603356,华菱精工,15.65,-0.54,-3.34
603357,设计总院,19.95,-0.05,-0.25
603358,华达科技,10.75,-0.14,-1.29
603359,东珠生态,16.38,0.23,1.42
603360,百傲化学,12.36,-0.41,-3.21
603363,傲农生物,8.40,-0.20,-2.33
603365,水星家纺,14.93,-0.24,-1.58
603366,日出东方,4.17,-0.04,-0.95
603367,辰欣药业,15.18,0.04,0.26
603368,柳药股份,26.20,0.30,1.16
603369,今世缘,14.49,0.07,0.49
603377,东方时尚,14.60,0.30,2.10
603378,亚士创能,13.34,-0.04,-0.30
603380,易德龙,15.40,0.58,3.91
603383,顶点软件,29.72,0.57,1.96
603385,惠达卫浴,8.01,-0.17,-2.08
603386,广东骏亚,15.95,-0.69,-4.15
603387,基蛋生物,26.57,-0.13,-0.49
603388,元成股份,10.04,0.00,0.00
603389,亚振家居,10.47,-0.38,-3.50
603393,新天然气,30.50,-0.85,-2.71
603396,金辰股份,26.56,0.00,0.00
603398,邦宝益智,11.03,0.18,1.66
603399,吉翔股份,9.82,0.36,3.81
603416,信捷电气,20.18,-0.42,-2.04
603421,鼎信通讯,21.33,-1.17,-5.20
603429,集友股份,22.91,0.26,1.15
603444,吉比特,148.00,-3.54,-2.34
603456,九洲药业,6.36,0.05,0.79
603458,勘设股份,30.25,-0.15,-0.49
603466,风语筑,15.24,-0.11,-0.72
603477,振静股份,7.49,-0.12,-1.58
603486,科沃斯,46.03,0.68,1.50
603488,展鹏科技,7.34,-0.11,-1.48
603496,恒为科技,24.35,-0.05,-0.20
603499,翔港科技,19.96,-0.95,-4.54
603500,祥和实业,10.43,-0.16,-1.51
603501,韦尔股份,29.39,0.34,1.17
603505,金石资源,12.30,-0.03,-0.24
603506,南都物业,22.21,-0.20,-0.89
603507,振江股份,21.94,0.84,3.98
603508,思维列控,39.81,0.14,0.35
603515,欧普照明,27.87,0.16,0.58
603516,淳中科技,23.09,-0.41,-1.74
603517,绝味食品,33.11,0.02,0.06
603518,维格娜丝,14.10,0.13,0.93
603519,立霸股份,9.00,-0.15,-1.64
603520,司太立,26.38,0.20,0.76
603527,众源新材,10.37,-0.01,-0.10
603528,多伦科技,6.16,0.13,2.16
603533,掌阅科技,17.78,-0.40,-2.20
603535,嘉诚国际,18.43,-0.07,-0.38
603536,惠发股份,8.25,-0.02,-0.24
603538,美诺华,19.69,0.31,1.60
603555,贵人鸟,5.77,-0.06,-1.03
603556,海兴电力,13.00,0.14,1.09
603557,起步股份,7.45,-0.18,-2.36
603558,健盛集团,10.85,0.09,0.84
603559,中通国脉,24.07,0.85,3.66
603566,普莱柯,11.81,-0.07,-0.59
603567,珍宝岛,11.98,0.02,0.17
603568,伟明环保,22.85,-0.58,-2.48
603569,长久物流,10.75,-0.04,-0.37
603577,汇金通,9.06,-0.61,-6.31
603578,三星新材,18.79,-0.59,-3.04
603579,荣泰健康,28.36,-0.16,-0.56
603580,艾艾精工,15.94,0.02,0.13
603583,捷昌驱动,39.28,-1.51,-3.70
603585,苏利股份,20.57,-0.23,-1.11
603586,金麒麟,12.66,0.15,1.20
603587,地素时尚,21.99,0.50,2.33
603588,高能环境,7.85,0.08,1.03
603589,口子窖,35.07,0.73,2.13
603590,康辰药业,32.10,-0.76,-2.31
603595,东尼电子,31.38,-0.10,-0.32
603596,伯特利,22.87,0.38,1.69
603598,引力传媒,8.93,0.09,1.02
603599,广信股份,10.50,-0.04,-0.38
603600,永艺股份,7.00,-0.02,-0.28
603601,再升科技,7.63,-0.02,-0.26
603602,纵横通信,27.59,0.93,3.49
603603,博天环境,14.80,0.40,2.78
603605,珀莱雅,44.07,1.17,2.73
603606,东方电缆,8.93,0.02,0.22
603607,京华激光,18.21,-0.38,-2.04
603608,天创时尚,11.06,-0.09,-0.81
603609,禾丰牧业,7.75,0.00,0.00
603611,诺力股份,12.28,0.04,0.33
603612,索通发展,11.64,-0.01,-0.09
603615,茶花股份,8.53,-0.03,-0.35
603616,韩建河山,11.55,0.05,0.43
603617,君禾股份,16.60,-0.33,-1.95
603618,杭电股份,5.22,-0.21,-3.87
603619,中曼石油,15.52,-0.34,-2.14
603626,科森科技,7.63,-0.15,-1.93
603628,清源股份,7.25,0.00,0.00
603629,利通电子,38.71,1.73,4.68
603630,拉芳家化,13.10,-0.10,-0.76
603633,徕木股份,10.02,-0.10,-0.99
603636,南威软件,9.60,-0.10,-1.03
603637,镇海股份,14.78,0.27,1.86
603638,艾迪精密,24.21,-0.18,-0.74
603639,海利尔,26.54,-0.35,-1.30
603648,畅联股份,10.43,-0.09,-0.86
603650,彤程新材,19.83,-0.97,-4.66
603655,朗博科技,15.60,-0.28,-1.76
603656,泰禾光电,13.98,-0.14,-0.99
603657,春光科技,28.84,-1.02,-3.42
603658,安图生物,48.89,0.14,0.29
603659,璞泰来,47.40,0.67,1.43
603660,苏州科达,16.67,-0.16,-0.95
603661,恒林股份,29.66,-0.20,-0.67
603663,三祥新材,17.00,-0.20,-1.16
603665,康隆达,26.30,1.00,3.95
603666,亿嘉和,45.80,-1.21,-2.57
603667,五洲新春,7.95,-0.22,-2.69
603668,天马科技,7.26,0.07,0.97
603669,灵康药业,9.90,0.10,1.02
603676,卫信康,11.27,-0.03,-0.27
603677,奇精机械,13.93,-0.05,-0.36
603678,火炬电子,15.77,0.37,2.40
603679,华体科技,22.58,-1.41,-5.88
603680,今创集团,15.79,0.07,0.45
603683,晶华新材,13.83,-0.05,-0.36
603685,晨丰科技,14.31,-0.23,-1.58
603686,龙马环卫,10.86,0.13,1.21
603688,石英股份,11.00,0.17,1.57
603689,皖天然气,10.58,-0.20,-1.86
603690,至纯科技,15.18,-0.15,-0.98
603693,江苏新能,13.79,-0.29,-2.06
603696,安记食品,9.68,-0.11,-1.12
603698,航天工程,14.33,0.11,0.77
603699,纽威股份,11.95,0.02,0.17
603701,德宏股份,11.40,0.00,0.00
603703,盛洋科技,9.08,-0.02,-0.22
603706,东方环宇,26.96,-1.04,-3.71
603707,健友股份,18.77,-0.17,-0.90
603708,家家悦,20.09,0.07,0.35
603709,中源家居,25.00,0.51,2.08
603711,香飘飘,21.25,0.16,0.76
603712,七一二,17.81,0.38,2.18
603713,密尔克卫,27.71,-0.49,-1.74
603716,塞力斯,19.03,0.80,4.39
603717,天域生态,9.29,0.01,0.11
603718,海利生物,12.66,0.29,2.34
603721,中广天择,14.30,-0.17,-1.17
603722,阿科力,21.43,-1.32,-5.80
603725,天安新材,11.16,-0.01,-0.09
603726,朗迪集团,18.66,-0.86,-4.41
603727,博迈科,12.34,-0.04,-0.32
603728,鸣志电器,12.65,0.45,3.69
603729,龙韵股份,15.44,0.33,2.18
603730,岱美股份,20.89,-0.11,-0.52
603733,仙鹤股份,15.42,-0.38,-2.41
603737,三棵树,36.36,-0.42,-1.14
603738,泰晶科技,12.65,-0.24,-1.86
603757,大元泵业,18.81,-0.19,-1.00
603758,秦安股份,6.05,0.04,0.67
603766,隆鑫通用,4.09,-0.02,-0.49
603767,中马传动,6.78,-0.02,-0.29
603768,常青股份,10.70,0.00,0.00
603773,沃格光电,43.28,-0.36,-0.82
603776,永安行,19.74,1.24,6.70
603777,来伊份,9.63,0.08,0.84
603778,乾景园林,4.22,0.00,0.00
603779,威龙股份,13.25,0.12,0.91
603787,新日股份,9.66,-0.20,-2.03
603788,宁波高发,14.45,-0.05,-0.34
603789,星光农机,12.32,0.05,0.41
603790,雅运股份,21.17,-1.21,-5.41
603797,联泰环保,12.04,0.02,0.17
603798,康普顿,10.11,-0.24,-2.32
603799,华友钴业,30.11,0.34,1.14
603800,道森股份,11.24,-0.05,-0.44
603801,志邦家居,24.01,-0.01,-0.04
603803,瑞斯康达,10.13,-0.41,-3.89
603806,福斯特,26.80,0.00,0.00
603808,歌力思,16.24,0.14,0.87
603809,豪能股份,14.86,0.01,0.07
603810,丰山集团,40.14,0.12,0.30
603811,诚意药业,16.23,-0.23,-1.40
603813,原尚股份,18.50,-0.21,-1.12
603816,顾家家居,45.00,1.16,2.65
603817,海峡环保,6.01,0.00,0.00
603818,曲美家居,6.70,0.00,0.00
603819,神力股份,16.15,-0.03,-0.19
603822,嘉澳环保,23.29,0.30,1.30
603823,百合花,15.30,0.41,2.75
603825,华扬联众,13.87,-0.51,-3.55
603826,坤彩科技,13.95,-0.05,-0.36
603828,柯利达,7.60,0.05,0.66
603829,洛凯股份,9.51,-0.44,-4.42
603833,欧派家居,79.72,-1.08,-1.34
603838,四通股份,9.43,-0.04,-0.42
603839,安正时尚,10.70,-0.01,-0.09
603843,正平股份,7.80,-0.16,-2.01
603848,好太太,15.11,0.41,2.79
603855,华荣股份,7.88,-0.10,-1.25
603856,东宏股份,12.59,-0.49,-3.75
603858,步长制药,25.28,0.02,0.08
603859,能科股份,17.59,-0.31,-1.73
603860,中公高科,24.07,0.91,3.93
603861,白云电器,11.60,-0.35,-2.93
603866,桃李面包,45.16,0.42,0.94
603868,飞科电器,38.18,0.15,0.39
603869,新智认知,15.04,0.15,1.01
603871,嘉友国际,34.55,0.21,0.61
603876,鼎胜新材,18.54,-0.50,-2.63
603877,太平鸟,18.79,-0.02,-0.11
603878,武进不锈,11.33,-0.22,-1.90
603879,永悦科技,9.74,0.13,1.35
603880,南卫股份,11.87,-0.01,-0.08
603881,数据港,24.74,-0.45,-1.79
603882,金域医学,22.28,0.26,1.18
603883,老百姓,47.21,-0.56,-1.17
603885,吉祥航空,12.53,0.01,0.08
603886,元祖股份,17.50,0.42,2.46
603887,城地股份,14.02,-0.24,-1.68
603888,新华网,12.84,0.06,0.47
603889,新澳股份,8.68,-0.04,-0.46
603890,春秋电子,11.81,-0.14,-1.17
603895,天永智能,26.00,-0.40,-1.52
603896,寿仙谷,26.47,-0.02,-0.08
603897,长城科技,22.79,-0.54,-2.31
603898,好莱客,15.33,-0.14,-0.90
603899,晨光文具,30.25,0.57,1.92
603900,莱绅通灵,11.91,-0.02,-0.17
603901,永创智能,6.60,0.04,0.61
603903,中持股份,20.05,0.06,0.30
603906,龙蟠科技,8.49,0.06,0.71
603908,牧高笛,24.38,0.55,2.31
603909,合诚股份,25.70,-0.53,-2.02
603912,佳力图,13.36,-0.32,-2.34
603916,苏博特,11.18,0.08,0.72
603917,合力科技,12.07,-0.16,-1.31
603918,金桥信息,11.85,-0.08,-0.67
603919,金徽酒,11.68,0.01,0.09
603920,世运电路,11.91,0.16,1.36
603922,金鸿顺,15.71,0.03,0.19
603926,铁流股份,13.82,-0.06,-0.43
603928,兴业股份,14.35,-0.40,-2.71
603929,亚翔集成,14.78,-0.42,-2.76
603933,睿能科技,18.72,0.51,2.80
603936,博敏电子,14.22,-0.19,-1.32
603937,丽岛新材,11.17,-0.01,-0.09
603938,三孚股份,18.92,-0.05,-0.26
603939,益丰药房,41.70,-0.77,-1.81
603955,大千生态,13.90,-0.25,-1.77
603958,哈森股份,7.92,-0.05,-0.63
603959,百利科技,14.77,0.00,0.00
603960,克来机电,27.78,1.56,5.95
603963,大理药业,11.76,-0.03,-0.25
603966,法兰泰克,8.64,-0.07,-0.80
603968,醋化股份,12.64,0.07,0.56
603969,银龙股份,4.66,-0.04,-0.85
603970,中农立华,15.46,0.36,2.38
603976,正川股份,16.30,-0.01,-0.06
603977,国泰集团,6.91,0.01,0.14
603978,深圳新星,18.85,-0.21,-1.10
603979,金诚信,7.49,-0.01,-0.13
603980,吉华集团,11.77,0.00,0.00
603985,恒润股份,20.70,-0.41,-1.94
603986,兆易创新,62.32,0.02,0.03
603987,康德莱,6.42,-0.02,-0.31
603988,中电电机,10.01,0.06,0.60
603989,艾华集团,20.14,0.01,0.05
603990,麦迪科技,32.86,0.06,0.18
603991,至正股份,18.18,-0.24,-1.30
603993,洛阳钼业,3.76,0.00,0.00
603996,中新科技,7.54,0.10,1.34
603997,继峰股份,7.65,0.14,1.86
603998,方盛制药,4.67,-0.03,-0.64
603999,读者传媒,4.84,0.01,0.21
